200.563	-0.147459
202.377	-0.139458
204.194	-0.13041
206.008	0.60963
207.821	0.0611134
209.634	1.11638
211.449	0.517854
213.262	0.598119
215.074	-0.0748043
216.885	0.440311
218.699	0.010498
220.51	0.380947
222.321	0.413729
224.131	-0.0115004
225.941	1.06285
227.751	1.04954
229.562	1.10837
231.371	1.02177
233.18	0.356125
234.988	-0.0911951
236.796	-0.0783415
238.603	0.756884
240.411	0.101185
242.219	0.557519
244.026	-0.141873
245.832	0.509696
247.638	1.28054
249.443	-0.0526276
251.248	-0.182446
253.053	0.553312
254.857	0.345578
256.661	0.571712
258.465	0.196506
260.268	0.811707
262.071	0.538178
263.874	0.580231
265.678	0.599789
267.48	0.186097
269.282	0.109425
271.083	1.40603
272.884	0.796648
274.684	0.378339
276.484	-0.331175
278.284	-0.584707
280.084	-0.141992
281.883	0.875285
283.682	-0.131401
285.48	0.78393
287.276	-0.223411
289.074	0.185987
290.871	-0.434234
292.668	-0.381424
294.465	0.080061
296.261	-0.174128
298.057	-0.044219
299.853	0.30138
301.648	0.503293
303.443	0.321996
305.237	0.449512
307.032	0.122627
308.823	-0.156373
310.617	-0.505676
312.41	0.957025
314.203	-0.293142
315.995	0.221518
317.788	0.0481348
319.579	0.49623
321.369	0.278975
323.16	0.22962
324.951	-0.272494
326.741	0.132361
328.531	0.585291
330.321	0.535891
332.108	0.532704
333.897	0.910084
335.686	-0.246803
337.474	0.746887
339.26	0.373853
341.048	0.262112
342.835	0.436332
344.622	0.58657
346.406	-0.00291348
348.192	0.292478
349.978	0.34976
351.764	-0.0463648
353.547	0.511438
355.332	0.375779
357.116	0.667656
358.901	-0.329311
360.682	0.340433
362.466	0.341784
364.249	0.0806408
366.03	-0.228489
367.812	0.672369
369.594	-0.160473
371.374	0.381014
373.155	0.494569
374.936	0.276607
376.715	0.861852
378.495	-0.298153
380.273	0.429936
382.053	0.216974
383.832	0.594162
385.609	0.0089798
387.388	-0.0569868
389.164	0.371946
390.942	-0.466159
392.72	0.106132
394.495	0.0921459
396.272	0.00826931
398.047	0.535203
399.823	0.0990219
401.597	-0.384726
403.372	0.845353
405.145	0.430285
406.92	0.695345
408.693	0.231724
410.467	-0.255548
412.239	0.125808
414.012	0.0149374
415.783	0.937506
417.556	0.711541
419.327	0.322224
421.099	0.0505495
422.869	0.0836334
424.64	0.632306
426.409	0.498956
428.18	0.45842
429.948	0.417289
431.718	0.0945778
433.486	-0.251065
435.253	0.0844145
437.022	0.161733
438.789	-0.301679
440.558	0.617495
442.324	-0.39
444.089	0.640107
445.857	-0.160779
447.622	0.161484
449.386	-0.0317879
451.153	0.6165
452.917	-0.159702
454.682	0.208558
456.446	0.226661
458.208	-0.174585
459.973	0.518603
461.735	0.374726
463.497	-0.0223761
465.259	-0.113821
467.022	0.170398
468.783	0.295678
470.544	0.260815
472.306	0.156909
474.066	-0.134424
475.825	0.433428
477.585	0.882143
479.346	0.303414
481.104	1.21418
482.862	0.331771
484.62	0.173115
486.38	0.902406
488.137	0.679646
489.894	0.272918
491.65	0.077136
493.407	-0.234921
495.164	0.505213
496.92	0.450675
498.675	1.05174
500.43	0.668262
502.184	0.635309
503.939	0.248731
505.694	0.306667
507.448	-0.0840321
509.201	0.346273
510.954	0.868766
512.706	0.612646
514.459	0.566229
516.21	0.635571
517.962	0.515093
519.715	1.26309
521.466	0.388183
523.216	0.89903
524.966	-0.139962
526.716	-0.0753307
528.466	0.434755
530.215	0.147437
531.964	0.937215
533.712	0.109906
535.46	0.662072
537.208	-0.42437
538.955	-0.0865526
540.703	-0.380589
542.449	0.349841
544.196	0.426685
545.942	0.01542
547.688	-0.348177
549.433	0.0775318
551.178	0.108974
552.923	0.510681
554.667	0.0107412
556.412	0.250831
558.155	-0.0162954
559.899	0.0633507
561.642	-0.201636
563.385	0.0636034
565.127	-0.383238
566.867	-0.323275
568.609	0.472322
570.35	0.786779
572.092	-0.0210829
573.832	0.366435
575.573	-0.7118
577.313	-0.595023
579.053	0.464755
580.79	-0.104201
582.529	-0.0531473
584.268	0.663941
586.006	0.0692406
587.745	-0.4815
589.482	0.00133419
591.218	0.0458736
592.955	0.848997
594.692	-0.0736227
596.428	0.154206
598.164	0.49703
599.898	-0.172928
601.634	0.421269
603.369	-0.0903854
605.104	0.017025
606.836	0.421319
608.57	-0.232224
610.304	-0.242533
612.037	0.298334
613.769	-0.123132
615.501	-0.222504
617.234	-0.229957
618.966	0.426018
620.696	0.0727596
622.427	-0.144513
624.159	0.0945711
625.887	0.493299
627.618	0.710432
629.348	-0.553146
631.076	-0.329874
632.806	0.87728
634.535	0.0548944
636.262	0.532876
637.99	-0.566602
639.716	0.955122
641.444	-0.174342
643.172	0.244207
644.897	0.341692
646.624	0.325787
648.348	-0.664804
650.075	0.349223
651.801	0.277524
653.524	0.665743
655.249	0.262829
656.972	-0.137752
658.697	-0.0592518
660.419	-0.0268688
662.143	-0.0193977
663.865	-0.174981
665.588	0.854985
667.309	0.83101
669.032	0.371502
670.752	0.805159
672.474	0.166173
674.194	0.743532
675.915	0.132768
677.634	0.692675
679.355	0.174315
681.073	0.52721
682.793	1.03929
684.511	0.0757332
686.23	0.513406
687.947	0.718872
689.664	0.692581
691.382	0.504038
693.098	0.383747
694.816	0.308505
696.531	0.922768
698.247	-0.122371
699.963	-0.155931
701.678	0.981913
703.392	0.508338
705.108	-0.0114937
706.821	0.501464
708.534	0.669107
710.249	0.515179
711.962	0.933335
713.674	1.19024
715.388	1.10363
717.099	0.880151
718.81	0.908124
720.523	0.84511
722.234	1.07846
723.944	0.606189
725.654	0.907434
727.365	0.662647
729.075	0.463139
730.784	0.784797
732.492	0.675042
734.202	0.904581
735.91	0.161952
737.618	0.301847
739.325	0.284476
741.034	0.358563
742.741	0.636877
744.447	0.421376
746.153	1.22057
747.859	1.32374
749.564	0.371549
751.271	0.995661
752.976	0.339437
754.681	0.584744
756.385	0.719611
758.088	1.19438
759.792	0.950662
761.495	0.956105
763.2	1.02992
764.902	1.39699
766.604	0.791363
768.306	1.29033
770.008	1.74149
771.709	1.57943
773.41	0.759703
775.11	1.63534
776.811	1.44901
778.51	1.49057
780.21	1.05925
781.909	1.21735
783.608	1.39832
785.307	1.50988
787.005	1.79933
788.703	0.635983
790.401	2.00264
792.098	1.14894
793.795	1.35586
795.492	0.772622
797.188	1.45373
798.884	1.97834
800.58	1.28938
802.276	1.32289
803.971	1.26727
805.665	1.63856
807.36	1.08715
809.054	1.54529
810.748	1.3505
812.441	1.53597
814.135	1.11548
815.826	1.61319
817.518	2.24419
819.21	1.37694
820.902	1.42686
822.594	1.52184
824.285	1.50632
825.976	1.91613
827.665	1.39304
829.355	1.20796
831.045	1.58369
832.735	1.36182
834.424	2.07876
836.111	1.45951
837.8	1.73193
839.488	1.57876
841.177	2.22746
842.864	1.37776
844.55	1.42098
846.237	1.68872
847.924	1.95908
849.61	1.71851
851.295	1.86165
852.98	1.62658
854.666	1.88591
856.349	1.60633
858.034	1.34713
859.719	2.50292
861.403	1.11328
863.085	1.40957
864.769	1.29874
866.452	1.25424
868.133	1.52456
869.816	1.5914
871.498	1.52249
873.179	1.18255
874.86	1.74498
876.54	1.74339
878.221	0.726169
879.902	1.13063
881.58	1.85071
883.26	0.989559
884.938	1.02993
886.618	1.76806
888.297	1.51089
889.974	1.43217
891.653	0.945865
893.329	0.88634
895.007	0.622856
896.683	0.695646
898.36	1.19361
900.035	1.55467
901.712	0.748826
903.387	0.794503
905.063	1.64428
906.737	1.15318
908.412	1.06538
910.085	1.40208
911.76	0.671509
913.433	1.69894
915.107	1.65915
916.779	1.48642
918.452	0.671235
920.124	0.809789
921.797	1.0152
923.467	1.26605
925.138	1.2758
926.81	1.06725
928.48	1.45705
930.151	1.07597
931.82	1.071
933.489	1.06638
935.16	0.907586
936.828	0.992031
938.496	0.901219
940.165	0.85614
941.833	0.525855
943.5	1.56445
945.168	1.38934
946.834	0.373721
948.5	1.25394
950.168	1.35893
951.834	0.645981
953.499	0.26447
955.163	0.877498
956.83	0.634167
958.494	0.527341
960.158	0.755108
961.821	0.587513
963.487	0.419418
965.15	0.492115
966.812	0.7826
968.474	0.936719
970.138	0.0925264
971.8	0.641051
973.461	0.570844
975.123	-0.0502415
976.783	0.547325
978.446	0.173679
980.106	0.519806
981.766	0.865545
983.425	0.290835
985.084	1.04175
986.743	0.395332
988.402	0.742546
990.06	0.358124
991.72	0.238485
993.378	0.560521
995.035	0.374633
996.692	1.44658
998.349	0.775438
1000.01	1.0743
1001.66	0.645558
1003.32	0.83297
1004.97	0.579892
1006.63	0.590715
1008.28	0.821285
1009.94	0.678945
1011.59	0.997887
1013.25	0.133621
1014.9	0.891685
1016.55	1.12408
1018.21	0.372354
1019.86	0.387868
1021.51	0.448467
1023.16	-0.079669
1024.81	0.180363
1026.47	0.572161
1028.12	0.308375
1029.77	0.895781
1031.42	0.585821
1033.07	0.579567
1034.72	0.614758
1036.37	0.887909
1038.02	0.48429
1039.67	0.886592
1041.31	1.22398
1042.96	1.19322
1044.61	1.12149
1046.26	1.63893
1047.91	-0.0997515
1049.55	0.987118
1051.2	1.35907
1052.84	1.66707
1054.49	0.802279
1056.14	0.654327
1057.78	1.02765
1059.43	0.900351
1061.07	0.989568
1062.72	1.31691
1064.36	1.96907
1066	0.0760565
1067.65	1.61631
1069.29	1.15549
1070.93	1.21534
1072.58	1.14475
1074.22	0.510805
1075.86	1.20183
1077.5	0.8751
1079.14	1.11394
1080.78	0.291219
1082.42	0.942976
1084.06	0.791163
1085.7	0.00857925
1087.34	0.783893
1088.98	0.646162
1090.62	0.571223
1092.26	0.797463
1093.9	0.97945
1095.54	1.29084
1097.17	0.309543
1098.81	0.128602
1100.45	1.09109
1102.09	1.32368
1103.72	0.39692
1105.36	0.633729
1106.99	0.548586
1108.63	0.656543
1110.27	-0.0970449
1111.9	0.2009
1113.53	0.238698
1115.17	0.446591
1116.8	0.0742588
1118.43	0.217117
1120.07	0.89628
1121.7	0.462632
1123.33	0.480268
1124.97	1.50474
1126.6	0.583431
1128.23	0.433452
1129.86	0.22032
1131.49	0.991411
1133.12	0.843532
1134.75	0.011445
1136.38	1.6365
1138.01	0.0329943
1139.64	0.329865
1141.27	0.603819
1142.9	0.684819
1144.53	0.339411
1146.16	0.229771
1147.78	-0.176863
1149.41	-0.156054
1151.04	0.37653
1152.67	0.887542
1154.29	0.418511
1155.92	0.374867
1157.54	0.224732
1159.17	0.181545
1160.8	0.373432
1162.42	0.906943
1164.05	0.506238
1165.67	0.106167
1167.29	-0.294299
1168.92	-0.355956
1170.54	0.600413
1172.16	0.7037
1173.79	0.570949
1175.41	0.50038
1177.03	-0.121862
1178.65	0.464498
1180.28	0.373628
1181.9	1.08788
1183.52	0.70286
1185.14	-0.167703
1186.76	0.460689
1188.38	0.47411
1190	-0.0420265
1191.62	-0.559492
1193.24	-0.0263453
1194.86	-0.209432
1196.47	0.341822
1198.09	0.32759
1199.71	-0.0188465
1201.33	0.0354643
1202.95	0.656868
1204.56	0.237599
1206.18	0.55163
1207.8	0.283119
1209.41	0.8702
1211.03	0.183742
1212.64	0.120847
1214.26	0.13847
1215.87	0.382201
1217.49	0.394373
1219.1	0.384454
1220.71	-0.102967
1222.33	0.800897
1223.94	0.109435
1225.55	0.808203
1227.16	0.452805
1228.78	0.658038
1230.39	0.616677
1232	1.03168
1233.61	0.745478
1235.22	1.019
1236.83	0.446706
1238.44	-0.248482
1240.05	0.545704
1241.66	0.347663
1243.27	0.811106
1244.88	0.466689
1246.49	0.555429
1248.1	1.24293
1249.71	0.460336
1251.32	0.608481
1252.92	1.37745
1254.53	0.78219
1256.14	0.684804
1257.74	1.62341
1259.35	0.701612
1260.96	0.35999
1262.56	0.909168
1264.17	1.50019
1265.77	0.99273
1267.38	1.47894
1268.98	1.11402
1270.59	1.65992
1272.19	0.794483
1273.79	1.19242
1275.4	1.40236
1277	1.30009
1278.6	1.92177
1280.21	1.00991
1281.81	1.40232
1283.41	1.64975
1285.01	1.62892
1286.61	1.25792
1288.21	1.88058
1289.81	1.84301
1291.41	1.82678
1293.01	1.87235
1294.61	2.10275
1296.21	2.57901
1297.81	2.3507
1299.41	2.57409
1301.01	2.36208
1302.6	2.04565
1304.2	1.95479
1305.8	2.68542
1307.4	2.26378
1308.99	2.74523
1310.59	2.11914
1312.19	1.41303
1313.78	1.54787
1315.38	1.82683
1316.97	2.37205
1318.57	2.26436
1320.16	1.30042
1321.76	1.41626
1323.35	2.28266
1324.94	1.84396
1326.54	2.25696
1328.13	1.4924
1329.72	1.7227
1331.32	1.22665
1332.91	1.42156
1334.5	1.92199
1336.09	1.25365
1337.68	1.49425
1339.27	1.53204
1340.87	1.46676
1342.45	1.21761
1344.04	1.04676
1345.64	1.39686
1347.22	1.08481
1348.81	1.95742
1350.4	1.53105
1351.99	0.808711
1353.58	1.4692
1355.17	1.37144
1356.75	1.454
1358.34	1.25624
1359.93	1.13721
1361.51	1.13662
1363.1	0.935469
1364.69	1.49166
1366.27	0.891995
1367.86	1.44904
1369.44	0.812895
1371.03	1.03473
1372.61	0.860327
1374.2	1.50319
1375.78	1.07242
1377.37	1.21878
1378.95	0.60827
1380.53	1.64794
1382.11	0.954832
1383.7	1.07571
1385.28	0.857311
1386.86	1.15508
1388.44	0.976226
1390.02	2.0886
1391.6	1.07828
1393.19	1.359
1394.77	0.767409
1396.35	1.62328
1397.93	1.22888
1399.51	0.773965
1401.08	1.03119
1402.66	0.871737
1404.24	1.54333
1405.82	1.52289
1407.4	1.87918
1408.97	1.58436
1410.55	1.50766
1412.13	1.45065
1413.71	1.68893
1415.28	0.880059
1416.86	1.41183
1418.43	1.4104
1420.01	2.41408
1421.59	2.13854
1423.16	2.4166
1424.73	2.20484
1426.31	2.42786
1427.88	2.35636
1429.46	2.61902
1431.03	2.95904
1432.6	3.61211
1434.18	3.83063
1435.75	4.10737
1437.32	4.08939
1438.89	4.91781
1440.46	3.84119
1442.04	4.63323
1443.61	3.99169
1445.18	4.09754
1446.75	4.18402
1448.32	4.54595
1449.89	4.12204
1451.46	4.38695
1453.03	3.84646
1454.6	3.81772
1456.16	4.69396
1457.73	4.2706
1459.3	4.3568
1460.87	4.08602
1462.44	3.26158
1464	2.73028
1465.57	3.77026
1467.14	2.49074
1468.7	3.39237
1470.27	2.84233
1471.83	2.66708
1473.4	1.88547
1474.96	1.49742
1476.53	1.9531
1478.09	1.66383
1479.66	2.19781
1481.22	1.47716
1482.78	1.1877
1484.35	1.34878
1485.91	0.647348
1487.47	0.865674
1489.04	0.5731
1490.6	0.94364
1492.16	0.861149
1493.72	0.736899
1495.28	0.688649
1496.84	0.931409
1498.4	0.725754
1499.96	1.06551
1501.52	0.823547
1503.08	0.835743
1504.64	1.12026
1506.2	0.107682
1507.76	0.430489
1509.32	0.229725
1510.88	0.64537
1512.44	0.75056
1513.99	0.951245
1515.55	0.459745
1517.11	0.239025
1518.66	0.0964794
1520.22	0.376392
1521.78	0.388044
1523.33	0.494782
1524.89	0.199345
1526.44	0.513444
1528	0.616088
1529.55	0.128383
1531.11	0.382488
1532.66	-0.368299
1534.21	0.777506
1535.77	0.238603
1537.32	0.117732
1538.87	0.790643
1540.43	0.350229
1541.98	0.909138
1543.53	0.0930529
1545.08	1.10191
1546.63	0.136453
1548.18	0.767498
1549.74	0.160206
1551.29	1.01481
1552.84	1.19505
1554.39	0.460463
1555.94	0.643921
1557.48	0.213464
1559.03	0.812031
1560.58	0.125504
1562.13	0.914768
1563.68	0.101036
1565.23	0.500628
1566.78	0.825764
1568.32	0.572079
1569.87	0.915149
1571.42	0.884431
1572.96	1.43203
1574.51	0.504736
1576.05	0.828181
1577.6	1.24525
1579.14	1.08415
1580.69	1.46533
1582.24	0.521654
1583.78	0.60603
1585.32	1.56975
1586.87	0.889542
1588.41	1.74269
1589.95	1.39864
1591.5	0.548315
1593.04	1.0263
1594.58	1.46676
1596.12	1.21431
1597.67	1.84317
1599.21	1.76087
1600.75	1.84826
1602.29	1.44833
1603.83	1.81784
1605.37	2.14917
1606.91	0.95656
1608.45	1.79086
1609.99	1.5696
1611.53	1.34538
1613.07	1.77606
1614.6	1.34126
1616.14	0.606427
1617.68	1.12896
1619.22	1.78358
1620.75	0.88526
1622.29	1.39342
1623.83	1.41568
1625.37	0.408396
1626.9	1.29064
1628.44	1.55333
1629.97	0.897701
1631.51	1.04506
1633.04	1.04237
1634.58	0.797431
1636.11	1.30005
1637.65	1.09473
1639.18	1.33775
1640.72	1.18923
1642.25	1.00273
1643.78	1.22461
1645.31	1.63076
1646.85	1.51453
1648.38	1.17513
1649.91	1.41236
1651.44	1.42789
1652.97	1.38937
1654.5	1.37085
1656.03	1.44578
1657.56	1.9652
1659.1	1.85344
1660.62	2.05471
1662.15	1.14385
1663.68	1.50828
1665.21	1.55746
1666.74	1.27488
1668.27	0.920377
1669.8	0.973674
1671.32	1.17617
1672.85	1.7483
1674.38	0.82908
1675.91	1.08822
1677.43	1.67741
1678.96	1.27132
1680.49	1.01136
1682.01	0.916115
1683.54	0.838945
1685.06	1.03722
1686.59	0.850606
1688.11	0.628116
1689.64	0.845983
1691.16	0.954066
1692.68	0.421631
1694.21	0.493217
1695.73	0.253729
1697.25	0.562298
1698.78	0.687471
1700.3	0.738926
1701.82	0.516084
1703.34	0.985305
1704.86	0.651882
1706.39	1.08255
1707.91	0.530499
1709.43	-0.329459
1710.95	0.354629
1712.47	0.11307
1713.99	0.922858
1715.51	0.59098
1717.02	1.32667
1718.54	0.868201
1720.06	0.861824
1721.58	0.729399
1723.1	0.652005
1724.62	0.251741
1726.13	0.4118
1727.65	0.663393
1729.17	1.31194
1730.68	0.254215
1732.2	0.401941
1733.72	0.67704
1735.23	0.899117
1736.75	1.06881
1738.26	0.170112
1739.78	0.731541
1741.29	0.47812
1742.81	1.09551
1744.32	0.610437
1745.84	0.827587
1747.35	0.561787
1748.86	0.688458
1750.37	0.63332
1751.89	0.339046
1753.4	0.465765
1754.91	1.21469
1756.42	0.265922
1757.93	0.23857
1759.45	0.0632114
1760.96	0.576235
1762.47	0.126035
1763.98	0.161332
1765.49	-0.111372
1767	0.0720015
1768.51	0.300211
1770.02	0.0761862
1771.53	0.0542898
1773.03	0.282475
1774.54	0.317139
1776.05	0.148799
1777.56	0.0695229
1779.07	0.419742
1780.57	0.349592
1782.08	0.225334
1783.59	0.536176
1785.09	0.501287
1786.6	0.0847855
1788.11	0.229926
1789.61	0.24073
1791.12	0.00573826
1792.62	-0.38631
1794.13	0.0285416
1795.63	0.360193
1797.13	0.0682869
1798.64	0.0981073
1800.14	0.054122
1801.65	0.0174389
1803.15	0.177144
1804.65	-0.202223
1806.15	-0.0670099
1807.66	-0.133291
1809.16	0.0979424
1810.66	0.230772
1812.16	-0.178853
1813.66	0.232125
1815.16	-0.300783
1816.66	-0.199391
1818.16	0.370742
1819.66	-0.196657
1821.16	-0.103087
1822.66	0.212882
1824.16	0.00247669
1825.66	-0.0621834
1827.16	-0.241647
1828.66	-0.103573
1830.16	0.0404387
1831.65	0.0280886
1833.15	0.128194
1834.65	0.0873909
1836.14	0.28083
1837.64	0.227607
1839.14	0.115799
1840.63	0.0709267
1842.13	0.110067
1843.62	0.0196943
1845.12	-0.218058
1846.61	0.26844
1848.11	-0.064743
1849.6	0.405238
1851.1	0.284939
1852.59	0.242498
1854.08	0.496758
1855.58	0.191927
1857.07	0.0069418
1858.56	0.180389
1860.05	-0.28781
1861.55	-0.0475435
1863.04	0.124521
1864.53	0.565347
1866.02	0.168688
1867.51	0.0258036
1869	0.173834
1870.49	0.0971098
1871.98	-0.260508
1873.47	0.295732
1874.96	0.017498
1876.45	0.473159
1877.94	0.273429
1879.43	0.0947695
1880.92	0.0835009
1882.41	0.37354
1882.51	0.393281
1884	-0.130035
1885.5	-0.305339
1886.99	-0.0808516
1888.48	0.247267
1889.98	0.314261
1891.47	-0.000275612
1892.96	0.243577
1894.46	-0.101652
1895.95	0.337287
1897.44	0.759969
1898.93	0.330344
1900.42	0.438722
1901.91	0.458224
1903.41	0.232157
1904.9	0.36962
1906.39	-0.188961
1907.88	0.103893
1909.37	-0.0367908
1910.86	-0.0722036
1912.35	0.223006
1913.83	0.258591
1915.32	-0.399346
1916.81	0.190867
1918.3	-0.363741
1919.79	-0.364065
1921.27	-0.104685
1922.76	0.310824
1924.25	0.242394
1925.74	0.365714
1927.22	-0.167586
1928.71	0.252038
1930.19	0.775636
1931.68	-0.0350666
1933.17	-0.22397
1934.65	0.243031
1936.14	0.482803
1937.62	0.0811558
1939.11	-0.424174
1940.59	-0.306909
1942.07	0.208066
1943.56	0.275235
1945.04	0.464064
1946.52	-0.0190983
1948.01	0.118193
1949.49	-0.141662
1950.97	0.0969315
1952.45	-0.164801
1953.93	0.157804
1955.42	0.101828
1956.9	0.23526
1958.38	0.0775471
1959.86	0.469773
1961.34	0.0563745
1962.82	0.0206366
1964.3	0.0875225
1965.78	0.170906
1967.26	0.133615
1968.74	-0.417521
1970.21	0.0228148
1971.69	-0.169752
1973.17	-0.242634
1974.65	0.0087595
1976.13	0.242956
1977.6	0.0512123
1979.08	-0.00399113
1980.56	0.451148
1982.03	-0.199415
1983.51	0.0678568
1984.99	0.351329
1986.46	0.311833
1987.94	0.204594
1989.41	0.250273
1990.89	0.161276
1992.36	0.15802
1993.84	-0.385069
1995.31	-0.166354
1996.78	0.086483
1998.26	0.153354
1999.73	0.33787
2001.2	0.23467
2002.68	0.249061
2004.15	0.381279
2005.62	0.0250998
2007.09	0.444853
2008.56	0.646517
2010.04	-0.295699
2011.51	0.176964
2012.98	0.36344
2014.45	0.212815
2015.92	0.145503
2017.39	0.480843
2018.86	0.344254
2020.33	0.274364
2021.8	0.204378
2023.26	0.134829
2024.73	0.0494471
2026.2	0.518981
2027.67	0.302353
2029.14	0.0539017
2030.61	0.343724
2032.07	0.0978031
2033.54	0.305531
2035.01	0.345462
2036.47	0.334594
2037.94	-0.0297565
2039.4	0.36158
2040.87	0.400002
2042.33	-0.216894
2043.8	-0.042799
2045.27	-0.220956
2046.73	0.207638
2048.19	-0.120993
2049.66	0.442924
2051.12	0.0283041
2052.59	0.134506
2054.05	-0.0142632
2055.51	-0.19867
2056.97	0.121236
2058.44	0.288358
2059.9	-0.538625
2061.36	0.0834818
2062.82	0.150606
2064.28	0.15151
2065.74	-0.031579
2067.21	0.0723734
2068.67	0.395797
2070.13	0.315661
2071.59	0.218744
2073.05	0.357368
2074.51	0.209457
2075.96	0.0779934
2077.42	0.215565
2078.88	0.352685
2080.34	0.455599
2081.8	0.271643
2083.26	0.188001
2084.72	0.13723
2086.17	0.0688562
2087.63	0.437021
2089.09	-0.119956
2090.54	-0.17268
2092	0.295012
2093.45	0.359406
2094.91	0.13835
2096.37	0.252213
2097.82	0.214449
2099.28	0.276457
2100.73	0.204228
2102.19	0.449837
2103.64	-0.0387135
2105.09	0.0755386
2106.55	0.174524
2108	0.39137
2109.45	0.108256
2110.91	0.158119
2112.36	0.273164
2113.81	0.402859
2115.26	0.347538
2116.72	0.0751781
2118.17	0.451424
2119.62	0.0816345
2121.07	-0.186089
2122.52	-0.086689
2123.97	0.0308037
2125.42	0.447446
2126.87	0.432672
2128.32	0.350499
2129.77	0.0514479
2131.22	0.479999
2132.67	0.079565
2134.11	0.291639
2135.56	0.157107
2137.01	0.272182
2138.46	0.223938
2139.91	0.838812
2141.35	0.0010252
2142.8	0.404241
2144.25	0.130209
2145.7	0.203654
2147.14	1.23715
2148.59	1.22724
2150.03	0.702746
2151.48	0.806559
2152.92	0.577897
2154.37	0.0335379
2155.81	0.615313
2157.26	0.666965
2158.7	0.967855
2160.15	0.806396
2161.59	1.17709
2163.03	0.273574
2164.47	0.94672
2165.92	1.00747
2167.36	0.802383
2168.8	0.828619
2170.24	1.05251
2171.69	0.558855
2173.13	0.678491
2174.57	0.497196
2176.01	1.03042
2177.45	0.682425
2178.89	0.634602
2180.33	0.654346
2181.77	0.841321
2183.21	0.713037
2184.65	1.1339
2186.09	0.723208
2187.53	0.661815
2188.97	0.883363
2190.4	0.522375
2191.84	0.660432
2193.28	0.564629
2194.72	0.384148
2196.16	0.601287
2197.59	0.782838
2199.03	1.01217
2200.47	0.691692
2201.9	0.985804
2203.34	0.732723
2204.77	0.763052
2206.21	0.512753
2207.64	0.826528
2209.08	0.974254
2210.51	0.343069
2211.95	0.637809
2213.38	0.369336
2214.82	0.728749
2216.25	0.263007
2217.68	0.194963
2219.12	0.359177
2220.55	0.474749
2221.98	0.227826
2223.41	0.540476
2224.85	0.439678
2226.28	0.370046
2227.71	0.167203
2229.14	0.193294
2230.57	0.382539
2232	0.243389
2233.43	0.219426
2234.86	0.229009
2236.29	0.386872
2237.72	0.268671
2239.15	0.283193
2240.58	-0.0589857
2242.01	0.4816
2243.44	0.338486
2244.87	0.179461
2246.29	-0.241242
2247.72	0.151948
2249.15	0.51001
2250.58	0.246172
2252.01	0.680737
2253.43	0.219159
2254.86	0.506106
2256.29	0.33958
2257.71	0.500353
2259.14	0.177464
2260.56	0.604113
2261.99	0.222123
2263.41	-0.20723
2264.84	0.305818
2266.26	-0.156541
2267.69	0.0793228
2269.11	-0.141274
2270.53	0.17436
2271.96	0.375623
2273.38	0.088192
2274.8	0.419731
2276.23	-0.0630369
2277.65	-0.0895195
2279.07	0.470943
2280.49	0.085845
2281.91	-0.397446
2283.34	0.0815096
2284.76	-0.0267429
2286.18	0.371188
2287.6	0.573808
2289.02	-0.284636
2290.44	0.0168409
2291.86	0.531377
2293.28	-0.0165262
2294.7	-0.00864887
2296.12	0.588409
2297.54	-0.353377
2298.96	0.0310602
2300.37	0.0718403
2301.79	-0.0346193
2303.21	0.31848
2304.63	-0.394832
2306.04	0.106349
2307.46	0.180457
2308.88	0.204739
2310.3	0.425721
2311.71	0.547708
2313.13	0.373549
2314.54	-0.145945
2315.96	-0.0558167
2317.37	0.331768
2318.79	-0.0874777
2320.2	-0.556905
2321.62	0.407668
2323.03	0.38055
2324.45	-0.111207
2325.86	0.351737
2327.27	0.48267
2328.69	0.563157
2330.1	0.363736
2331.51	0.247797
2332.92	0.0179501
2334.34	0.282771
2335.75	0.449049
2337.16	0.532526
2338.57	0.187427
2339.98	0.170027
2341.39	-0.324614
2342.8	0.0670347
2344.21	0.212116
2345.63	-0.363828
2347.04	0.158649
2348.45	0.123975
2349.85	-0.0582876
2351.26	-0.0449533
2352.67	0.114313
2354.08	0.207009
2355.49	0.20097
2356.9	0.0806007
2358.3	0.123091
2359.71	0.604299
2361.12	-0.116442
2362.53	-0.235789
2363.93	0.211863
2365.34	-0.0371847
2366.75	0.296307
2368.15	0.37144
2369.56	-0.359005
2370.97	0.0897913
2372.37	-0.153316
2373.77	-0.330709
2375.18	0.152408
2376.59	-0.427167
2377.99	-0.0585117
2379.39	-0.270405
2380.8	0.543714
2382.2	-0.297016
2383.6	-0.319948
2385.01	0.152796
2386.41	0.0736084
2387.81	-0.00444603
2389.21	0.373325
2390.62	-0.0447502
2392.02	0.239535
2393.42	0.238153
2394.82	-0.0485983
2396.22	0.365153
2397.62	0.00055027
2399.02	0.0657663
2400.42	0.496862
2401.82	0.118092
2403.22	0.120638
2404.62	-0.0995073
2406.02	0.393875
2407.42	0.679617
2408.82	-0.256973
2410.22	0.0434198
2411.62	0.121921
2413.01	0.23288
2414.41	0.0601482
2415.81	0.696402
2417.21	0.115101
2418.6	0.658874
2420	0.0946445
2421.4	0.179535
2422.79	0.0739565
2424.19	0.570141
2425.59	0.40095
2426.98	0.0103674
2428.38	0.47661
2429.77	0.230513
2431.17	0.159492
2432.56	0.421951
2433.95	0.493493
2435.35	0.039609
2436.74	0.092392
2438.14	-0.142424
2439.53	-0.28322
2440.92	0.146792
2442.31	0.623551
2443.71	0.0205975
2445.1	0.00481224
2446.49	0.41694
2447.88	0.479909
2449.27	0.00423241
2450.67	0.320874
2452.06	0.352936
2453.45	-0.215466
2454.84	0.261406
2456.23	-0.00458622
2457.62	0.378331
2459.01	0.191629
2460.4	0.178313
2461.79	0.0692759
2463.18	0.307175
2464.57	0.291473
2465.95	-0.119364
2467.34	-0.324738
2468.73	0.148476
2470.12	-0.30944
2471.5	0.399068
2472.89	0.381387
2474.28	-0.0778913
2475.67	0.343701
2477.05	0.324128
2478.44	0.0532484
2479.82	0.222344
2481.21	0.0463972
2482.6	-0.098012
2483.98	-0.0861254
2485.37	0.206343
2486.75	-0.0966625
2488.13	-0.150457
2489.52	-0.0646381
2490.9	0.285381
2492.29	-0.0955515
2493.67	0.00685787
2495.05	-0.199803
2496.44	0.153186
2497.82	0.0418787
2499.2	-0.0689859
2500.58	0.11384
2501.97	-0.0753546
2503.35	0.259745
2504.73	0.30015
2506.11	0.139481
2507.49	0.271318
2508.87	-0.227333
2510.25	0.25839
2511.63	0.206829
2513.01	0.370783
2514.39	0.137164
2515.77	-0.217641
2517.15	0.178345
2518.53	-0.144114
2519.91	0.511927
2521.29	0.128442
2522.67	-0.194241
2524.05	-0.0140257
2525.42	0.43949
2526.8	0.282856
2528.18	-0.0709152
2529.55	0.382852
2530.93	0.0626678
2532.31	0.230713
2533.69	0.339377
2535.06	0.357647
2536.44	0.0568438
2537.81	0.256675
2539.19	0.0453596
2540.56	0.167297
2541.94	0.0155621
2543.31	0.440751
2544.69	0.366038
2546.06	-0.192709
2547.44	0.250938
2548.81	0.574219
2550.18	0.138998
2551.56	0.59853
2552.93	0.0554676
2554.3	0.224584
2555.67	0.07407
2557.04	0.105042
2558.42	0.423948
2559.79	0.257854
2561.16	0.274274
2562.53	-0.0268831
2563.9	-0.0697784
2565.27	0.312081
2566.64	0.224424
2568.01	0.47027
2569.38	0.170522
2570.75	0.219345
2572.12	-0.247158
2573.49	-0.25888
2574.86	-0.361476
2576.23	-0.0698814
2577.6	0.0548954
2578.97	0.240096
2580.33	-0.0451288
2581.7	-0.163987
2583.07	-0.0558004
2584.44	0.20371
2585.8	0.356987
2587.17	0.343628
2588.54	0.360776
2589.9	0.0900993
2591.27	0.228469
2592.64	0.108736
2594	0.548687
2595.37	0.199813
2596.73	0.31934
2598.1	0.0294247
2599.46	0.344191
2600.83	0.265816
2602.19	0.203152
2603.55	0.0959625
2604.92	0.0498028
2606.28	-0.116796
2607.64	0.0933609
2609.01	0.347668
2610.37	-0.137649
2611.73	0.174024
2613.09	0.0177975
2614.46	0.0863609
2615.82	-0.0705862
2617.18	0.147772
2618.54	-0.247706
2619.9	0.151365
2621.26	0.281429
2622.62	-0.141
2623.98	0.034667
2625.34	0.269725
2626.7	0.295421
2628.06	0.156803
2629.42	0.107399
2630.78	0.16199
2632.14	0.260962
2633.5	0.136898
2634.86	0.294997
2636.21	0.245177
2637.57	0.0324135
2638.93	0.575153
2640.29	0.303489
2641.64	0.416878
2643	0.382666
2644.36	0.156759
2645.71	0.388406
2647.07	0.339194
2648.43	0.215662
2649.78	0.415222
2651.14	0.172606
2652.49	0.26791
2653.85	-0.0475531
2655.2	-0.11248
2656.56	0.175316
2657.91	0.185811
2659.26	0.606843
2660.62	0.267571
2661.97	0.513053
2663.32	0.480105
2664.68	0.782017
2666.03	0.455469
2667.38	0.289204
2668.74	-0.109893
2670.09	0.394026
2671.44	0.0399008
2672.79	0.616838
2674.14	0.395051
2675.49	0.145084
2676.84	-0.0170116
2678.19	0.242286
2679.54	0.487802
2680.89	0.3574
2682.24	0.271777
2683.59	0.477414
2684.94	0.408589
2686.29	0.311207
2687.64	0.721609
2688.99	0.143728
2690.34	0.623741
2691.69	-0.00144482
2693.03	0.590854
2694.38	0.282485
2695.73	0.481467
2697.08	0.144921
2698.42	0.345772
2699.77	0.331129
2701.12	0.651398
2702.46	0.249204
2703.81	0.789741
2705.15	0.591956
2706.5	0.843684
2707.85	0.340775
2709.19	0.635421
2710.54	0.160193
2711.88	0.817433
2713.22	0.864608
2714.57	0.6937
2715.91	0.449911
2717.26	0.889388
2718.6	1.0815
2719.94	0.633032
2721.29	0.445846
2722.63	0.214415
2723.97	0.957664
2725.31	0.463221
2726.66	0.65246
2728	0.797656
2729.34	0.404112
2730.68	0.432456
2732.02	0.518942
2733.36	0.838241
2734.7	0.86675
2736.04	0.53186
2737.38	0.517118
2738.72	0.822298
2740.06	0.356431
2741.4	0.122791
2742.74	0.528183
2744.08	0.249561
2745.42	0.653248
2746.76	0.126753
2748.09	0.514957
2749.43	0.525624
2750.77	0.507485
2752.11	-0.0032959
2753.45	0.457541
2754.78	0.0924263
2756.12	0.00286388
2757.46	-0.0140886
2758.79	0.475883
2760.13	0.387121
2761.46	-0.178636
2762.8	0.616369
2764.14	0.311967
2765.47	-0.00688839
2766.8	0.368252
2768.14	0.091403
2769.47	0.232677
2770.81	0.357825
2772.14	-0.255164
2773.48	0.415936
2774.81	0.0472879
2776.14	-0.119109
2777.48	0.708151
2778.81	-0.0615406
2780.14	0.147617
2781.47	0.0983334
2782.8	0.207067
2784.14	-0.301108
2785.47	0.223279
2786.8	0.102634
2788.13	-0.203434
2789.46	0.235603
2790.79	-0.097106
2792.12	0.000146866
2793.45	-0.173772
2794.78	0.195525
2796.11	-0.121547
2797.44	-0.0533371
2798.77	0.256968
2800.1	-0.189858
2801.43	0.0624342
2802.76	0.0576324
2804.09	0.366072
2805.41	0.502787
2806.74	0.382465
2808.07	0.0482645
2809.4	0.15469
2810.72	0.0337515
2812.05	0.0980921
2813.38	-0.0775776
2814.71	-0.0814648
2816.03	0.355554
2817.36	0.240893
2818.68	-0.0290346
2820.01	0.154611
2821.33	0.224399
2822.66	0.449346
2823.98	0.716035
2825.31	0.48645
2826.63	0.738494
2827.96	0.792786
2829.28	0.578718
2830.6	0.917285
2831.93	1.01543
2833.25	1.00026
2834.57	1.19705
2835.9	1.95931
2837.22	1.54628
2838.54	2.29285
2839.86	2.38825
2841.18	2.92201
2842.5	3.04615
2843.83	4.01909
2845.15	4.41344
2846.47	5.67076
2847.79	5.65675
2849.11	6.13747
2850.43	6.61777
2851.75	6.72978
2853.07	6.48762
2854.39	6.45685
2855.71	6.39753
2857.03	6.36646
2858.35	6.61798
2859.66	6.34687
2860.98	6.21678
2862.3	6.07215
2863.62	6.39278
2864.94	6.3742
2866.25	6.24274
2867.57	6.84508
2868.89	7.19403
2870.2	6.65536
2871.52	7.55486
2872.84	6.9316
2874.15	7.51921
2875.47	7.37243
2876.78	7.8154
2878.1	7.32794
2879.41	7.85314
2880.73	7.66139
2882.04	7.68184
2883.36	8.2095
2884.67	7.92401
2885.99	8.10286
2887.3	7.60809
2888.61	8.27751
2889.93	8.52452
2891.24	8.27924
2892.55	8.25746
2893.86	7.63305
2895.18	8.53604
2896.49	8.2918
2897.8	8.34323
2899.11	8.62009
2900.42	8.91214
2901.73	8.30963
2903.05	8.70066
2904.36	8.78416
2905.67	8.49045
2906.98	8.57525
2908.29	8.92708
2909.6	8.6647
2910.91	9.07482
2912.21	8.4213
2913.52	8.90045
2914.83	9.41964
2916.14	9.16625
2917.45	10.1982
2918.76	10.2206
2920.07	10.5365
2921.37	9.91647
2922.68	9.4943
2923.99	9.49367
2925.29	9.77429
2926.6	10.1397
2927.91	9.93218
2929.22	10.5908
2930.52	9.86462
2931.83	10.0604
2933.13	9.61282
2934.44	9.58458
2935.74	9.79412
2937.05	9.52874
2938.35	8.9842
2939.66	8.46806
2940.96	8.84695
2942.26	8.43054
2943.57	8.00172
2944.87	7.44873
2946.18	7.94587
2947.48	7.18505
2948.78	7.13717
2950.08	6.20577
2951.39	6.6721
2952.69	6.22592
2953.99	6.07209
2955.29	6.26779
2956.59	5.90469
2957.9	5.75408
2959.2	5.57876
2960.5	5.28064
2961.8	5.65755
2963.1	5.46084
2964.4	5.23514
2965.7	4.67032
2967	4.83382
2968.3	4.67253
2969.6	4.79151
2970.9	4.23528
2972.19	4.00275
2973.49	3.60166
2974.79	3.52414
2976.09	3.99503
2977.39	3.73241
2978.68	3.29889
2979.98	3.13105
2981.28	3.11663
2982.58	2.55308
2983.87	2.73553
2985.17	2.49744
2986.47	2.41573
2987.76	2.0687
2989.06	2.0179
2990.35	1.93932
2991.65	1.62135
2992.94	1.70992
2994.24	1.55829
2995.53	1.40559
2996.83	1.18207
2998.12	1.3936
2999.42	0.87584
3000.71	0.863873
3002	0.53018
3003.3	0.855772
3004.59	1.46151
3005.88	1.00234
3007.18	0.934865
3008.47	0.530836
3009.76	0.308173
3011.05	-0.208303
3012.34	0.280863
3013.64	0.49031
3014.93	0.0865574
3016.22	0.241366
3017.51	-0.0347872
3018.8	0.232638
3020.09	0.0827084
3021.38	0.141068
3022.67	0.268003
3023.96	-0.0641451
3025.25	0.0333881
3026.54	-0.284935
3027.83	-0.25619
3029.12	-0.101907
3030.41	-0.181167
3031.69	0.279799
3032.98	-0.0591288
3034.27	0.38922
3035.56	-0.0874949
3036.84	-0.0548382
3038.13	0.058733
3039.42	0.115212
3040.71	-0.146091
3041.99	0.251268
3043.28	-0.435239
3044.57	0.0445013
3045.85	0.36076
3047.14	-0.11356
3048.42	0.220771
3049.71	-0.0297823
3050.99	-0.128413
3052.28	-0.130568
3053.56	0.112995
3054.85	0.178595
3056.13	0.37959
3057.41	-0.347589
3058.7	-0.393488
3059.98	0.118761
3061.26	0.16819
3062.55	-0.0941834
3063.83	0.297763
3065.11	0.256201
3066.39	0.379317
3067.68	-0.108252
3068.96	0.57406
3070.24	-0.022049
3071.52	0.156262
3072.8	0.279033
3074.08	-0.0752273
3075.36	-0.362068
3076.65	-0.0241227
3077.93	-0.120377
3079.21	0.164529
3080.49	-0.0374427
3081.77	0.196372
3083.04	-0.178877
3084.32	-0.06495
3085.6	-0.222191
3086.88	0.0952516
3088.16	0.493581
3089.44	0.049808
3090.72	0.107886
3091.99	-0.118973
3093.27	0.292032
3094.55	-0.110351
3095.83	-0.0376244
3097.1	0.130195
3098.38	-0.10857
3099.66	-0.0626702
3100.93	0.0780849
3102.21	0.0158353
3103.49	0.0894151
3104.76	0.529064
3106.04	0.238653
3107.31	-0.0506392
3108.59	0.405561
3109.86	0.267524
3111.14	0.320109
3112.41	0.2382
3113.69	0.509122
3114.96	0.522791
3116.23	0.481928
3117.51	0.399631
3118.78	0.0451126
3120.05	0.408489
3121.33	0.567568
3122.6	0.251775
3123.87	0.383206
3125.14	0.203486
3126.41	0.457621
3127.69	0.495829
3128.96	0.697008
3130.23	0.601122
3131.5	0.627263
3132.77	0.585866
3134.04	0.571331
3135.31	0.623947
3136.58	0.527753
3137.85	0.876263
3139.12	1.022
3140.39	0.844442
3141.66	0.707831
3142.93	0.652568
3144.2	0.504077
3145.47	0.732278
3146.74	0.800166
3148	0.868798
3149.27	0.911411
