200.388	0.22559
202.204	0.245259
204.019	0.265724
205.832	-0.00496006
207.646	0.697196
209.459	-0.302855
211.274	0.591536
213.087	0.561217
214.899	0.384288
216.711	0.52205
218.524	0.223583
220.335	0.337376
222.146	-0.128821
223.956	-0.71476
225.766	0.198538
227.576	0.24139
229.388	-0.00595093
231.197	0.108358
233.005	0.246296
234.813	-0.242663
236.621	0.330286
238.429	-0.0594168
240.236	0.348343
242.045	0.22774
243.852	0.735334
245.658	0.0365877
247.464	0.760353
249.269	1.09564
251.074	1.06577
252.879	0.91253
254.683	1.24013
256.487	1.15698
258.291	1.33966
260.094	0.511827
261.897	0.770002
263.702	0.30693
265.504	0.9048
267.306	0.900682
269.108	0.534651
270.909	0.673995
272.71	1.29449
274.511	0.683991
276.311	0.554203
278.111	0.278187
279.91	1.20485
281.709	1.21379
283.508	0.379139
285.306	0.721907
287.105	1.01519
288.9	0.972101
290.698	0.330832
292.495	0.792795
294.291	0.442179
296.088	0.667041
297.884	1.20337
299.679	0.688536
301.475	0.914278
303.27	0.279532
305.064	0.598794
306.858	0.225124
308.652	1.2342
310.444	0.741602
312.237	1.10789
314.03	0.665887
315.822	0.963788
317.615	0.9538
319.406	0.254369
321.198	0.389584
322.987	0.454048
324.778	0.447402
326.568	1.30039
328.358	0.38625
330.148	0.570059
331.935	0.992156
333.724	0.240656
335.513	0.276582
337.301	0.0951242
339.089	1.13196
340.875	0.444787
342.662	0.187653
344.449	0.671346
346.236	0.844559
348.02	0.564592
349.806	0.0226297
351.592	0.101485
353.375	0.203683
355.16	-0.0767555
356.944	0.595634
358.728	0.789514
360.51	0.386692
362.294	0.983049
364.077	0.816856
365.858	0.293886
367.64	0.957916
369.422	0.57651
371.202	0.574073
372.983	0.973195
374.764	0.472973
376.543	1.10701
378.324	0.891214
380.102	1.52479
381.881	0.910851
383.661	0.628379
385.438	0.864635
387.216	1.57178
388.993	0.682159
390.771	1.17962
392.548	0.926241
394.324	1.51892
396.101	0.303682
397.875	0.14531
399.651	0.714898
401.425	0.861359
403.201	0.913298
404.974	0.612248
406.749	0.49845
408.524	1.18239
410.296	1.18501
412.07	1.18766
413.841	0.862216
415.614	0.701752
417.385	0.283936
419.156	0.946127
420.928	0.576075
422.698	0.698668
424.469	0.538973
426.238	0.401916
428.009	1.1327
429.777	0.45454
431.548	0.0111837
433.315	0.624272
435.083	0.674397
436.852	0.372493
438.618	0.985299
440.387	0.72845
442.153	0.563725
443.919	0.444073
445.686	0.252603
447.451	0.762513
449.218	0.499371
450.982	0.376963
452.746	1.04877
454.512	1.01995
456.275	0.618283
458.038	0.473307
459.803	-0.206619
461.565	-0.0245705
463.327	0.228293
465.091	0.692179
466.852	0.275656
468.613	0.791176
470.374	0.960157
472.136	0.129442
473.896	0.85709
475.655	0.465833
477.415	0.445116
479.176	1.05165
480.934	0.981643
482.692	0.748742
484.45	0.656681
486.21	0.962455
487.967	0.501397
489.724	0.694792
491.481	0.702765
493.237	0.804884
494.995	0.36957
496.75	0.659031
498.506	0.363062
500.26	0.347584
502.015	-0.114401
503.769	0.408639
505.525	0.766904
507.279	0.371835
509.032	0.704309
510.785	0.0472717
512.537	0.353466
514.289	1.29363
516.041	0.79718
517.793	0.393941
519.546	0.389726
521.297	0.502323
523.047	0.731802
524.797	0.538363
526.547	0.485879
528.297	1.25414
530.046	0.709194
531.795	0.234756
533.543	0.321974
535.291	0.571791
537.039	0.656356
538.787	0.809518
540.534	0.0983667
542.281	0.366466
544.027	0.517248
545.773	0.272619
547.519	0.446516
549.264	-0.0752239
551.01	0.238071
552.754	0.388946
554.499	0.331726
556.243	0.159473
557.987	-0.0581951
559.73	0.784823
561.474	0.475906
563.216	0.145054
564.959	0.274952
566.701	-0.168994
568.441	-0.106621
570.182	-0.272875
571.923	0.0898199
573.664	0.224449
575.405	-0.0981283
577.145	-0.00629425
578.885	0.454096
580.624	0.111813
582.361	0.642529
584.1	0.276731
585.839	-0.412221
587.577	0.208606
589.315	-0.25272
591.052	0.159389
592.787	0.571049
594.524	-0.144791
596.26	-0.285381
597.997	0.448288
599.732	0.00833988
601.466	0.0278454
603.201	0.736217
604.936	0.546215
606.67	0.401137
608.403	0.347337
610.136	0.201651
611.87	-0.448088
613.603	-0.110614
615.334	0.708503
617.067	-0.145268
618.799	0.650146
620.529	-0.295779
622.26	0.268154
623.991	-0.266726
625.72	-0.00132465
627.451	-0.0778389
629.181	0.18973
630.909	-0.0427256
632.638	0.479694
634.368	0.29577
636.095	0.180066
637.823	-0.439297
639.551	0.240135
641.277	0.779539
643.005	0.199164
644.73	-0.290271
646.457	0.176808
648.184	-0.264523
649.908	-0.18012
651.634	-0.206114
653.357	0.453135
655.083	0.0698309
656.806	0.780863
658.53	-0.101201
660.253	0.223888
661.977	0.0687017
663.7	0.596881
665.422	0.620452
667.145	0.00196934
668.865	0.251651
670.588	0.479083
672.308	0.616879
674.027	0.253281
675.749	0.0285997
677.468	0.102898
679.188	0.292387
680.907	0.1366
682.627	0.347131
684.345	0.579074
686.064	0.832424
687.781	0.11708
689.498	0.437119
691.216	0.226737
692.932	0.15403
694.65	0.564372
696.366	0.674366
698.081	0.806247
699.797	0.292568
701.512	0.284341
703.228	-0.0694752
704.942	0.747938
706.655	0.0260153
708.371	0.772511
710.083	0.486365
711.796	0.704048
713.51	0.921062
715.222	0.886135
716.934	0.485915
718.645	0.31462
720.358	0.212151
722.068	0.88429
723.779	0.69073
725.49	0.565599
727.2	0.281464
728.909	0.882506
730.618	0.733873
732.329	0.721066
734.037	0.730743
735.745	0.604832
737.453	0.389162
739.16	0.89642
740.869	0.456911
742.576	0.514714
744.282	0.956373
745.988	1.03883
747.694	0.650093
749.401	1.005
751.107	0.708771
752.811	0.931045
754.516	0.749674
756.22	0.997128
757.924	0.25551
759.627	0.821028
761.332	0.599245
763.035	0.851444
764.738	0.832878
766.44	1.12965
768.142	0.70175
769.843	1.13088
771.544	1.24172
773.245	1.306
774.946	0.894977
776.646	1.04969
778.346	1.38644
780.046	1.45331
781.745	1.13669
783.444	1.47636
785.143	1.52098
786.841	1.26921
788.539	1.60308
790.237	1.52645
791.934	1.26655
793.631	1.27654
795.328	1.21852
797.024	1.58962
798.72	1.44365
800.416	1.05195
802.112	1.62936
803.807	1.75719
805.502	1.59256
807.196	1.35994
808.89	1.95739
810.584	1.22891
812.278	1.3976
813.971	1.6103
815.664	1.88956
817.354	1.27359
819.047	0.815149
820.739	1.31784
822.43	1.23991
824.122	1.51954
825.813	1.15386
827.503	1.21362
829.192	1.52075
830.882	1.25157
832.571	1.27447
834.261	0.964979
835.95	1.65976
837.637	1.61877
839.325	1.55436
841.013	1.13106
842.701	1.42123
844.389	1.28645
846.074	1.17452
847.761	1.4218
849.447	1.2017
851.131	1.81201
852.817	1.34943
854.503	1.44775
856.188	0.737541
857.871	0.632013
859.556	1.42496
861.24	0.663779
862.922	1.34207
864.606	0.419683
866.289	1.20916
867.97	1.38964
869.653	0.893177
871.336	0.666918
873.016	1.29771
874.698	1.1163
876.379	0.68661
878.058	1.00162
879.739	1.06832
881.418	0.999261
883.098	1.15532
884.778	0.430005
886.456	0.696771
888.135	1.43583
889.812	0.887394
891.49	0.586129
893.167	0.847138
894.845	0.0491009
896.523	0.757785
898.198	0.25151
899.875	0.620366
901.55	1.21173
903.226	1.0179
904.901	0.287984
906.576	0.787734
908.25	0.86321
909.925	1.07288
911.598	0.682261
913.271	1.55988
914.945	0.282317
916.617	1.38087
918.291	0.815066
919.962	1.00325
921.635	0.660613
923.306	0.78372
924.978	0.731326
926.648	1.05595
928.318	0.653467
929.989	0.958444
931.659	0.557906
933.328	1.04014
934.998	0.46365
936.666	0.813944
938.336	1.14288
940.004	0.458332
941.671	1.05414
943.34	0.856517
945.007	1.12219
946.673	0.614367
948.339	0.92163
950.007	0.896055
951.672	0.714918
953.337	0.467712
955.004	0.993671
956.669	0.573766
958.333	-0.0420475
959.997	1.06549
961.662	0.67396
963.326	1.16597
964.989	0.24165
966.651	0.619587
968.315	0.773956
969.977	0.373315
971.639	0.237415
973.301	0.345155
974.962	-0.010334
976.624	0.0779533
978.285	0.609961
979.945	0.644983
981.605	0.679715
983.264	0.812917
984.924	0.612347
986.583	1.00756
988.243	1.00263
989.901	0.642715
991.56	0.746675
993.217	0.806159
994.875	0.799411
996.532	0.594204
998.188	0.477404
999.845	1.10976
1001.5	1.19042
1003.16	0.54432
1004.81	0.580545
1006.47	0.726468
1008.12	0.542868
1009.78	0.337842
1011.43	0.3089
1013.09	0.587209
1014.74	0.339833
1016.39	0.552794
1018.05	0.131427
1019.7	-0.135786
1021.35	0.625634
1023	0.775546
1024.65	0.598445
1026.31	0.094141
1027.96	0.442117
1029.61	0.155927
1031.26	-0.0219574
1032.91	0.519366
1034.56	0.0768614
1036.21	0.396827
1037.86	0.410563
1039.51	0.424157
1041.16	0.895044
1042.8	0.323037
1044.45	0.535323
1046.1	0.358172
1047.75	1.02972
1049.39	1.02946
1051.04	0.530808
1052.69	0.445489
1054.33	0.382194
1055.98	0.405809
1057.62	0.385706
1059.27	0.713038
1060.91	0.822424
1062.56	0.713654
1064.2	0.0822172
1065.85	0.254397
1067.49	0.251679
1069.13	0.421911
1070.77	0.265656
1072.42	0.348158
1074.06	0.04041
1075.7	0.0590897
1077.34	-0.116322
1078.98	-0.355707
1080.62	-0.117374
1082.27	0.251065
1083.91	-0.0534143
1085.55	0.356206
1087.18	0.352096
1088.82	0.497731
1090.46	-0.0724306
1092.1	0.351731
1093.74	0.537043
1095.38	0.0748577
1097.02	-0.148707
1098.65	-0.306185
1100.29	-0.0745449
1101.93	-0.0782661
1103.56	0.435811
1105.2	0.563673
1106.84	-0.189775
1108.47	-0.169105
1110.11	0.64619
1111.74	-0.238324
1113.38	0.208438
1115.01	0.546237
1116.64	0.0892391
1118.28	-0.324191
1119.91	0.506063
1121.54	-0.184093
1123.18	0.283071
1124.81	0.151649
1126.44	0.213548
1128.07	-0.00191212
1129.7	-0.109795
1131.33	0.509717
1132.97	0.402551
1134.6	-0.410106
1136.23	0.764565
1137.86	0.548944
1139.49	-0.308434
1141.11	-0.397369
1142.74	-0.209262
1144.37	0.405287
1146	0.337635
1147.63	-0.00618267
1149.26	0.226192
1150.88	0.118078
1152.51	-0.160335
1154.14	0.32752
1155.76	-0.0365915
1157.39	-0.230404
1159.01	0.129183
1160.64	0.340435
1162.27	0.488793
1163.89	0.170276
1165.51	-0.0202131
1167.14	-0.466045
1168.76	-0.168583
1170.39	0.0636044
1172.01	-0.0459681
1173.63	-0.00834274
1175.25	-0.0567284
1176.88	0.339654
1178.5	0.015337
1180.12	0.665773
1181.74	-0.270429
1183.36	0.0212965
1184.98	-0.0675974
1186.6	0.79307
1188.22	0.17404
1189.84	0.545052
1191.46	-0.0759935
1193.08	0.102152
1194.7	0.0480995
1196.32	-0.697724
1197.94	0.108638
1199.55	0.726223
1201.17	0.153666
1202.79	0.189869
1204.41	0.123943
1206.02	0.101663
1207.64	0.330902
1209.25	0.310048
1210.87	0.3928
1212.48	0.515718
1214.1	0.0113993
1215.71	0.44279
1217.33	0.102105
1218.94	0.384582
1220.56	0.35493
1222.17	-0.130358
1223.79	0.297991
1225.4	0.167905
1227.01	0.432466
1228.62	0.304995
1230.23	0.530219
1231.85	-0.0911417
1233.46	0.384149
1235.07	0.219742
1236.68	0.883136
1238.29	0.78274
1239.9	0.579532
1241.51	0.976223
1243.12	0.297018
1244.73	-0.11412
1246.34	0.674
1247.94	0.861144
1249.55	-0.090414
1251.16	0.0337114
1252.77	0.840558
1254.37	0.965321
1255.98	0.987634
1257.59	0.969703
1259.2	0.456205
1260.8	0.00528717
1262.41	0.362038
1264.01	0.346219
1265.62	0.247158
1267.22	-0.246424
1268.83	0.12975
1270.43	0.00753212
1272.03	0.382034
1273.64	0.361689
1275.24	0.00882912
1276.85	1.02301
1278.45	0.35788
1280.05	0.852247
1281.65	0.642193
1283.25	0.328957
1284.85	0.305931
1286.46	0.387029
1288.06	1.2337
1289.66	0.138366
1291.26	0.138897
1292.86	0.263337
1294.46	0.593713
1296.06	0.344563
1297.66	0.672223
1299.25	0.977434
1300.85	1.32207
1302.45	0.92341
1304.05	1.0802
1305.65	1.09209
1307.24	1.12401
1308.84	1.21709
1310.43	0.572178
1312.03	0.911602
1313.63	0.473807
1315.22	0.630273
1316.82	0.86897
1318.41	0.332529
1320.01	0.591899
1321.6	0.687128
1323.2	0.902925
1324.79	0.384926
1326.38	1.04438
1327.98	0.99197
1329.57	0.818636
1331.16	0.262836
1332.76	0.417246
1334.35	1.28003
1335.94	0.448169
1337.53	0.82787
1339.12	0.158445
1340.71	0.8179
1342.3	0.749909
1343.89	0.539542
1345.48	0.489263
1347.07	1.06071
1348.66	0.430542
1350.25	0.0438557
1351.84	0.899957
1353.43	0.497515
1355.01	0.916017
1356.6	0.275597
1358.19	0.673948
1359.77	0.512063
1361.36	0.588862
1362.95	0.844342
1364.53	0.401412
1366.12	0.536986
1367.71	0.772668
1369.29	1.268
1370.88	0.809095
1372.46	0.888892
1374.04	0.691152
1375.63	0.31495
1377.21	0.953673
1378.8	0.616927
1380.38	0.100243
1381.96	0.875632
1383.54	0.177819
1385.13	0.354258
1386.71	0.490364
1388.29	0.328578
1389.87	0.504936
1391.45	0.642268
1393.03	0.30413
1394.61	0.521842
1396.19	0.818624
1397.77	0.638857
1399.35	-0.195595
1400.93	0.930622
1402.51	0.471525
1404.09	0.289845
1405.67	0.484483
1407.24	0.837816
1408.82	0.717466
1410.4	0.972971
1411.98	0.398945
1413.55	0.357754
1415.13	0.394717
1416.71	0.588644
1418.28	0.407491
1419.86	0.660167
1421.43	1.14982
1423.01	0.459496
1424.58	0.9125
1426.16	0.953306
1427.73	0.876554
1429.31	0.583057
1430.88	0.721781
1432.45	0.583924
1434.02	1.50758
1435.6	0.876562
1437.17	0.698277
1438.74	0.815571
1440.31	1.03199
1441.88	1.50475
1443.45	1.25102
1445.03	1.86244
1446.6	1.60926
1448.17	0.786119
1449.74	0.985358
1451.3	0.890126
1452.87	1.16901
1454.44	1.38937
1456.01	0.822783
1457.58	1.31809
1459.15	1.00544
1460.72	1.02576
1462.28	1.005
1463.85	1.14003
1465.42	1.11664
1466.98	0.97504
1468.55	1.18729
1470.12	0.517042
1471.68	1.22157
1473.25	0.906822
1474.81	0.906696
1476.38	0.65208
1477.94	1.1034
1479.51	0.888071
1481.07	0.202311
1482.63	0.378922
1484.2	0.692523
1485.76	1.14283
1487.32	0.612966
1488.88	0.708742
1490.45	0.665766
1492.01	1.01186
1493.57	0.827888
1495.13	0.642572
1496.69	1.33349
1498.25	0.270967
1499.81	0.338857
1501.37	0.582257
1502.93	0.166828
1504.49	0.450541
1506.05	0.230674
1507.61	1.03569
1509.17	0.408467
1510.73	0.263994
1512.28	0.311797
1513.84	0.455323
1515.4	0.790842
1516.96	0.550096
1518.51	0.636636
1520.07	0.321283
1521.63	0.351251
1523.18	0.380874
1524.74	0.581542
1526.29	-0.0963278
1527.85	0.274057
1529.4	0.490782
1530.96	0.213138
1532.51	0.0125551
1534.06	0.96845
1535.62	0.315188
1537.17	0.344481
1538.72	0.732971
1540.28	0.272502
1541.83	0.679605
1543.38	0.747051
1544.93	0.983398
1546.48	0.956096
1548.03	0.609694
1549.59	-0.0171928
1551.14	0.686828
1552.69	0.473263
1554.24	0.242244
1555.79	0.199572
1557.34	0.0651598
1558.88	0.511
1560.43	0.435972
1561.98	0.362421
1563.53	0.551078
1565.08	0.348488
1566.62	0.612484
1568.17	0.596394
1569.72	0.299971
1571.27	0.488497
1572.81	0.658108
1574.36	0.640914
1575.9	0.269048
1577.45	0.774751
1579	0.608774
1580.54	0.611365
1582.09	0.129083
1583.63	0.768173
1585.17	0.212324
1586.72	0.9652
1588.26	0.503101
1589.8	1.01345
1591.35	0.475554
1592.89	0.536052
1594.43	0.558855
1595.97	0.0758257
1597.52	1.16717
1599.06	0.572479
1600.6	0.934587
1602.14	0.340317
1603.68	0.646782
1605.22	1.10326
1606.76	1.01385
1608.3	0.527892
1609.84	0.848013
1611.38	0.959202
1612.92	0.918203
1614.46	0.350492
1615.99	0.908444
1617.53	0.322665
1619.07	0.750228
1620.61	0.879131
1622.14	0.690934
1623.68	0.447425
1625.22	1.10254
1626.75	0.933293
1628.29	0.4449
1629.82	0.367056
1631.36	0.288351
1632.9	0.56424
1634.43	0.354693
1635.96	0.537881
1637.5	0.34872
1639.03	0.346706
1640.57	0.773405
1642.1	0.547213
1643.63	0.0409594
1645.16	0.557736
1646.7	0.812658
1648.23	0.453691
1649.76	0.485492
1651.29	0.518097
1652.82	0.570307
1654.36	0.75327
1655.89	0.566012
1657.42	0.50855
1658.95	0.450472
1660.48	0.724538
1662.01	0.682478
1663.53	0.787302
1665.06	0.65129
1666.59	0.99563
1668.12	0.860936
1669.65	0.819922
1671.18	0.983008
1672.7	0.723364
1674.23	1.14569
1675.76	0.757551
1677.29	0.921065
1678.81	0.182039
1680.34	0.251815
1681.86	0.541321
1683.39	0.444526
1684.91	0.219441
1686.44	0.893569
1687.96	0.119339
1689.49	0.225625
1691.01	0.35034
1692.54	0.932521
1694.06	0.654368
1695.58	-0.24525
1697.11	0.317644
1698.63	0.22218
1700.15	0.2177
1701.67	0.741654
1703.2	0.189076
1704.72	0.146721
1706.24	0.194985
1707.76	0.0974693
1709.28	0.381468
1710.8	0.0480146
1712.32	0.241125
1713.84	0.325365
1715.36	-0.115465
1716.88	0.312605
1718.4	0.269946
1719.91	0.949608
1721.43	0.924605
1722.95	0.0347881
1724.47	0.480403
1725.99	0.440495
1727.5	-0.174131
1729.02	0.20228
1730.54	0.200639
1732.05	0.481672
1733.57	0.141664
1735.09	0.0666924
1736.6	-0.145248
1738.12	0.0538025
1739.63	-0.339241
1741.15	0.460564
1742.66	0.220276
1744.18	-0.000921249
1745.69	0.211347
1747.2	0.724954
1748.72	0.129132
1750.23	0.424913
1751.74	-0.160591
1753.25	0.136993
1754.77	-0.134762
1756.28	0.0857868
1757.79	0.042902
1759.3	-0.0121212
1760.81	0.036931
1762.32	-0.0460863
1763.83	-0.483407
1765.34	-0.203087
1766.85	-0.14153
1768.36	0.450898
1769.87	0.462957
1771.38	0.189768
1772.89	0.581076
1774.4	-0.00569248
1775.91	0.101594
1777.41	-0.0835505
1778.92	0.358354
1780.43	0.37577
1781.94	0.0582027
1783.44	0.102647
1784.95	0.101904
1786.45	-0.221607
1787.96	0.16661
1789.47	0.148451
1790.97	0.281788
1792.47	0.344043
1793.98	0.150988
1795.48	-0.0254374
1796.99	0.173602
1798.49	-0.0877838
1800	0.29075
1801.5	0.046216
1803	0.3668
1804.51	0.245914
1806.01	-0.408227
1807.51	0.247423
1809.01	0.083868
1810.51	0.0705757
1812.02	-0.134592
1813.52	0.389522
1815.02	-0.206332
1816.52	-0.0660563
1818.02	0.299915
1819.52	-0.114928
1821.02	0.182267
1822.52	-0.448522
1824.02	0.00254345
1825.51	-0.0216761
1827.01	0.105346
1828.51	0.262765
1830.01	0.0125103
1831.51	0.268961
1833	-0.0978498
1834.5	-0.0263395
1836	0.115049
1837.49	0.246572
1838.99	-0.0279541
1840.49	-0.121547
1841.98	0.282249
1843.48	0.12685
1844.97	0.152
1846.47	0.291784
1847.96	0.157069
1849.46	0.228667
1850.95	0.329075
1852.45	0.240366
1853.94	-0.0653152
1855.43	-0.0437584
1856.92	0.273952
1858.42	0.184602
1859.91	0.0653915
1861.4	0.125036
1862.89	0.288427
1864.39	0.0712385
1865.88	0.00853825
1867.37	-0.146542
1868.86	-0.174941
1870.35	0.341265
1871.84	0.0210991
1873.33	-0.0523005
1874.82	-0.00173569
1876.31	-0.00169277
1877.8	-0.0199823
1879.29	0.209837
1880.77	0.168305
1882.26	0.375007
1882.52	0.424691
1884.02	0.143779
1885.51	0.245706
1887.01	0.120298
1888.5	0.0989952
1889.99	0.112698
1891.49	0.057744
1892.98	0.0217009
1894.47	-0.0126467
1895.96	0.0935345
1897.46	0.339675
1898.95	0.237913
1900.44	-0.0735903
1901.93	0.0831108
1903.42	-0.0923014
1904.91	0.0613823
1906.4	0.0578203
1907.89	-0.067318
1909.38	0.0685825
1910.87	0.0664358
1912.36	-0.195071
1913.85	0.0990467
1915.34	0.237084
1916.83	0.0280256
1918.32	0.459864
1919.8	0.353895
1921.29	0.0920248
1922.78	0.74844
1924.27	0.332047
1925.75	-0.187016
1927.24	-0.0126133
1928.73	0.16242
1930.21	-0.0954428
1931.7	0.0788622
1933.18	0.009408
1934.67	0.0941486
1936.15	-0.272557
1937.64	0.138145
1939.12	0.444213
1940.61	0.0594749
1942.09	0.0384064
1943.57	0.0355787
1945.06	0.326711
1946.54	-0.106015
1948.02	0.0644922
1949.51	0.0619326
1950.99	0.144545
1952.47	0.10575
1953.95	0.221233
1955.43	-0.17902
1956.91	0.0398245
1958.39	0.0187588
1959.87	0.0841675
1961.36	-0.12432
1962.84	0.233173
1964.32	0.247546
1965.79	0.158692
1967.27	-0.204557
1968.75	0.253047
1970.23	0.418918
1971.71	0.430578
1973.19	-0.00159073
1974.66	0.539125
1976.14	0.107757
1977.62	0.0688877
1979.1	0.0982552
1980.57	0.0935402
1982.05	0.343645
1983.53	0.270384
1985	-0.0576792
1986.48	-0.0632315
1987.95	0.337934
1989.43	-0.0232372
1990.9	-0.146364
1992.38	-0.167006
1993.85	0.354257
1995.33	-0.188767
1996.8	-0.0552711
1998.27	0.382103
1999.75	0.143482
2001.22	0.748222
2002.69	0.0363321
2004.16	0.201633
2005.64	0.232291
2007.11	0.229945
2008.58	0.177977
2010.05	0.12685
2011.52	-0.0247612
2012.99	0.0256929
2014.46	0.176719
2015.93	0.259665
2017.4	0.324889
2018.87	0.32203
2020.34	0.537083
2021.81	0.16401
2023.28	0.160892
2024.75	0.410201
2026.22	0.123715
2027.69	0.25798
2029.15	0.209154
2030.62	0.295779
2032.09	0.19878
2033.56	0.169321
2035.02	-0.313585
2036.49	0.63074
2037.95	0.348463
2039.42	0.0992947
2040.89	0.337463
2042.35	0.189376
2043.82	0.294204
2045.28	0.332664
2046.75	0.0351601
2048.21	0.0408449
2049.67	0.0293903
2051.14	0.202465
2052.6	0.222434
2054.06	0.42622
2055.53	0.206746
2056.99	0.306377
2058.45	0.455734
2059.92	0.183721
2061.38	0.232222
2062.84	0.365621
2064.3	0.415774
2065.76	0.416392
2067.22	0.384162
2068.68	0.167355
2070.14	0.270626
2071.6	0.693856
2073.06	0.241509
2074.52	0.0750856
2075.98	0.329334
2077.44	0.0948877
2078.9	-0.156756
2080.36	-0.543487
2081.82	0.399456
2083.27	-0.0388393
2084.73	0.414289
2086.19	0.479522
2087.65	0.308716
2089.1	0.255319
2090.56	0.101003
2092.01	0.601521
2093.47	0.37991
2094.93	0.577552
2096.38	0.0538158
2097.84	0.417821
2099.29	0.29537
2100.75	0.206255
2102.2	0.384835
2103.66	-0.0538998
2105.11	0.159938
2106.56	-0.292475
2108.02	-0.0932026
2109.47	-0.0771484
2110.92	-0.244946
2112.37	0.0694571
2113.83	0.182163
2115.28	0.0103807
2116.73	0.27031
2118.18	0.430412
2119.63	0.242955
2121.09	0.206799
2122.54	0.40463
2123.99	0.603735
2125.44	0.00752068
2126.89	0.405956
2128.34	0.140299
2129.79	-0.358429
2131.23	-0.162223
2132.68	0.0330811
2134.13	-0.0200129
2135.58	0.241796
2137.03	0.157606
2138.48	0.28995
2139.92	0.30831
2141.37	0.344689
2142.82	-0.130458
2144.26	0.155586
2145.71	-0.186919
2147.16	0.645589
2148.6	0.202804
2150.05	0.156589
2151.49	-0.15562
2152.94	0.4923
2154.38	0.0128021
2155.83	0.626382
2157.27	0.544174
2158.72	-0.0343122
2160.16	0.730171
2161.6	0.0714569
2163.05	0.325692
2164.49	0.382489
2165.93	0.689162
2167.38	0.315013
2168.82	0.238682
2170.26	0.543242
2171.7	0.446833
2173.14	0.265473
2174.58	0.465489
2176.03	0.348939
2177.47	0.615033
2178.91	0.266603
2180.35	0.434461
2181.79	0.403598
2183.23	0.473032
2184.67	0.492845
2186.1	0.4961
2187.54	0.482739
2188.98	0.585902
2190.42	0.489347
2191.86	0.409163
2193.3	0.511442
2194.73	0.629174
2196.17	0.562104
2197.61	0.443345
2199.05	0.406288
2200.48	-0.19656
2201.92	-0.167755
2203.35	0.276321
2204.79	0.422355
2206.22	0.303998
2207.66	0.136523
2209.09	0.283665
2210.53	-0.0831099
2211.96	0.128594
2213.4	0.107945
2214.83	0.533175
2216.27	0.298117
2217.7	0.0808611
2219.13	0.11226
2220.56	0.210343
2222	0.308485
2223.43	0.241176
2224.86	0.073885
2226.29	0.382464
2227.72	-0.0672092
2229.16	0.320429
2230.59	0.3128
2232.02	0.304991
2233.45	0.428391
2234.88	0.0780325
2236.31	0.154145
2237.74	-0.0296402
2239.17	-0.0157404
2240.6	0.391399
2242.03	0.261814
2243.45	0.378027
2244.88	0.331474
2246.31	0.00702953
2247.74	0.529281
2249.17	-0.0104036
2250.59	0.328221
2252.02	-0.00263786
2253.45	0.121667
2254.87	0.53844
2256.3	0.306503
2257.73	0.304189
2259.15	0.158489
2260.58	-0.081913
2262	-0.09305
2263.43	-0.0215836
2264.85	0.359004
2266.28	0.268158
2267.7	0.192755
2269.13	-0.0788422
2270.55	0.218437
2271.97	0.140902
2273.4	0.45404
2274.82	0.278701
2276.24	0.0382843
2277.66	-0.0228128
2279.09	0.176955
2280.51	0.442007
2281.93	0.0872593
2283.35	0.123811
2284.77	0.61734
2286.19	0.295176
2287.61	0.397694
2289.04	0.484362
2290.46	0.244664
2291.88	-0.060359
2293.29	0.468534
2294.71	0.179791
2296.13	-0.0110645
2297.55	-0.00562954
2298.97	0.081768
2300.39	0.136635
2301.81	0.2082
2303.23	0.0176001
2304.64	0.122408
2306.06	-0.0683613
2307.48	-0.177471
2308.89	-0.0241508
2310.31	0.178099
2311.73	-0.113357
2313.14	0.203773
2314.56	0.340421
2315.97	0.148518
2317.39	0.253699
2318.8	0.211046
2320.22	0.448524
2321.63	-0.123333
2323.05	0.260021
2324.46	0.344234
2325.88	0.459307
2327.29	0.556206
2328.7	0.767628
2330.12	0.484855
2331.53	-0.0766726
2332.94	-0.42281
2334.35	0.0546837
2335.76	-0.438396
2337.18	-0.175098
2338.59	0.399541
2340	0.331754
2341.41	-0.13097
2342.82	-0.101234
2344.23	0.125225
2345.64	0.286081
2347.05	0.201314
2348.46	0.034832
2349.87	0.228099
2351.28	0.371337
2352.69	-0.00921535
2354.1	-0.0309591
2355.5	0.0445127
2356.91	0.054388
2358.32	0.324445
2359.73	0.171608
2361.14	0.246403
2362.54	0.0454035
2363.95	-0.382006
2365.36	-0.015811
2366.76	0.123511
2368.17	-0.28584
2369.58	0.2582
2370.98	-0.309638
2372.39	0.316573
2373.79	-0.151919
2375.2	0.185159
2376.6	0.038929
2378	-0.0438042
2379.41	0.434556
2380.81	-0.1971
2382.22	-0.0109444
2383.62	-0.194379
2385.02	0.134271
2386.42	0.142965
2387.83	0.104579
2389.23	0.290573
2390.63	0.1588
2392.03	-0.0831432
2393.43	0.169371
2394.84	0.0725017
2396.24	-0.166723
2397.64	0.214609
2399.04	0.0560322
2400.44	0.215698
2401.84	-0.00560522
2403.24	0.170226
2404.64	0.0122228
2406.04	0.107494
2407.44	0.233584
2408.83	0.184377
2410.23	0.134909
2411.63	0.0856953
2413.03	-0.105267
2414.43	-0.10498
2415.83	0.181569
2417.22	0.136861
2418.62	0.156322
2420.02	-0.0772657
2421.41	-0.152649
2422.81	0.21523
2424.21	0.376966
2425.6	0.206028
2427	-0.18638
2428.39	0.214473
2429.79	0.0772433
2431.18	0.162664
2432.58	0.153059
2433.97	-0.174658
2435.36	0.338381
2436.76	-0.071279
2438.15	0.153181
2439.54	0.201666
2440.94	0.233402
2442.33	-0.0369949
2443.72	0.454214
2445.11	-0.260604
2446.51	-0.150519
2447.9	0.11782
2449.29	0.00574207
2450.68	0.210633
2452.07	-0.13811
2453.46	0.194453
2454.85	0.0846872
2456.24	-0.150966
2457.63	0.0566039
2459.02	-0.0997763
2460.41	-0.177554
2461.8	0.328979
2463.19	0.376127
2464.58	0.0909095
2465.97	0.0267434
2467.36	0.278254
2468.75	0.119256
2470.13	-0.0555491
2471.52	-0.0414324
2472.91	-0.0594473
2474.29	-0.0623794
2475.68	-0.301837
2477.07	0.040297
2478.45	-0.0735998
2479.84	0.0952883
2481.22	0.0131907
2482.61	0.00949764
2484	0.255863
2485.38	-0.0307684
2486.77	-0.177233
2488.15	0.0501676
2489.54	0.494508
2490.92	-0.447625
2492.3	-0.158907
2493.69	0.394038
2495.07	0.14046
2496.45	0.0899868
2497.84	0.195259
2499.22	0.022028
2500.6	0.08075
2501.98	0.262313
2503.36	0.118413
2504.74	0.0819421
2506.13	0.044982
2507.51	-0.146022
2508.89	0.0939679
2510.27	0.0727568
2511.65	0.220934
2513.03	0.277588
2514.41	-0.400235
2515.79	0.0563259
2517.17	0.0541062
2518.55	0.235848
2519.93	0.0966668
2521.3	0.0643039
2522.68	0.0619144
2524.06	-0.139506
2525.44	0.085475
2526.82	-0.116525
2528.19	0.16906
2529.57	-0.0465488
2530.95	-0.0781188
2532.32	0.0437813
2533.7	-0.0762162
2535.08	-0.0740123
2536.45	0.307967
2537.83	0.218369
2539.2	-0.0846968
2540.58	-0.23651
2541.95	-0.0394578
2543.33	0.248743
2544.7	-0.129867
2546.08	0.0842738
2547.45	0.481553
2548.82	-0.227776
2550.2	0.185606
2551.57	-0.448467
2552.94	0.0700092
2554.32	-0.353329
2555.69	0.330232
2557.06	0.315241
2558.43	-0.139591
2559.8	-0.0482059
2561.17	-0.259513
2562.55	-0.197414
2563.92	0.168271
2565.29	-0.0112076
2566.66	-0.0843811
2568.03	0.130473
2569.4	0.133179
2570.77	0.135885
2572.14	-0.012939
2573.51	-0.055594
2574.88	-0.280084
2576.24	0.132186
2577.61	0.044107
2578.98	0.00130749
2580.35	0.231136
2581.72	-0.145919
2583.09	0.174174
2584.45	-0.0820804
2585.82	0.0557933
2587.19	0.102806
2588.55	0.0287461
2589.92	0.379128
2591.28	0.0626006
2592.65	0.16997
2594.02	0.200831
2595.38	0.17017
2596.75	0.0629163
2598.11	0.181977
2599.48	-0.168125
2600.84	0.0262418
2602.2	-0.156706
2603.57	-0.187932
2604.93	0.0529795
2606.3	0.218478
2607.66	0.112148
2609.02	-0.115413
2610.38	-0.102789
2611.75	0.164506
2613.11	-0.0207915
2614.47	-0.161355
2615.83	-0.271846
2617.19	0.142748
2618.56	-0.0419531
2619.92	0.283135
2621.28	0.204677
2622.64	0.141763
2624	0.138885
2625.36	0.52395
2626.72	-0.0908432
2628.08	0.114508
2629.44	-0.127409
2630.8	-0.04181
2632.15	0.132757
2633.51	0.0693421
2634.87	0.302849
2636.23	0.0169067
2637.59	0.116692
2638.94	0.18675
2640.3	0.0201411
2641.66	0.0757751
2643.02	0.0429502
2644.37	-0.137298
2645.73	0.0219502
2647.08	-0.0699863
2648.44	0.043829
2649.8	0.0242782
2651.15	0.180569
2652.51	0.204093
2653.86	-0.138999
2655.22	-0.158309
2656.57	-0.0301642
2657.92	0.157376
2659.28	-0.327401
2660.63	0.153698
2661.99	0.0788603
2663.34	0.149636
2664.69	0.117422
2666.04	0.0699911
2667.4	0.299105
2668.75	0.192852
2670.1	-0.058475
2671.45	-0.032701
2672.81	0.0517263
2674.16	0.00591946
2675.51	0.120346
2676.86	0.00304937
2678.21	0.10399
2679.56	-0.27287
2680.91	0.0617142
2682.26	0.0928741
2683.61	0.0671096
2684.96	0.17274
2686.31	-0.345057
2687.66	0.022069
2689	-0.206864
2690.35	0.143413
2691.7	0.274262
2693.05	0.0554461
2694.4	0.024478
2695.74	0.152801
2697.09	0.180154
2698.44	-0.0954466
2699.79	0.122841
2701.13	0.154445
2702.48	-0.0588293
2703.82	0.163403
2705.17	0.502289
2706.52	0.130835
2707.86	0.252173
2709.21	-0.134826
2710.55	0.319829
2711.9	0.164428
2713.24	0.0378728
2714.58	-0.117884
2715.93	0.19149
2717.27	0.297311
2718.61	0.286576
2719.96	0.27551
2721.3	0.0748425
2722.64	0.281229
2723.99	0.254336
2725.33	0.270717
2726.67	-0.237218
2728.01	-0.294189
2729.35	0.114326
2730.7	0.435321
2732.04	0.348851
2733.38	0.131565
2734.72	0.336306
2736.06	0.439396
2737.4	0.368078
2738.74	0.22404
2740.08	0.0507197
2741.42	0.182367
2742.76	0.182564
2744.09	0.211208
2745.43	0.108528
2746.77	0.223375
2748.11	-0.228132
2749.45	0.176822
2750.79	0.0305042
2752.12	0.275969
2753.46	0.318579
2754.8	-0.116783
2756.13	-0.160689
2757.47	0.114127
2758.81	0.316651
2760.14	0.0997248
2761.48	0.2885
2762.81	-0.043241
2764.15	0.305391
2765.49	0.219936
2766.82	0.191956
2768.15	0.0474544
2769.49	-0.184844
2770.82	0.145418
2772.16	0.15636
2773.49	0.123074
2774.82	0.320024
2776.16	0.257322
2777.49	0.238243
2778.82	0.0615144
2780.16	0.330991
2781.49	-0.160714
2782.82	0.108928
2784.15	0.00528955
2785.48	0.0450931
2786.81	-0.0582147
2788.15	-0.0321231
2789.48	0.166318
2790.81	0.379702
2792.14	-0.064043
2793.47	0.0789361
2794.8	0.264771
2796.13	0.178744
2797.46	0.335104
2798.79	-0.165949
2800.12	0.175087
2801.44	0.0448289
2802.77	0.185431
2804.1	0.0691509
2805.43	0.16625
2806.76	-0.0789018
2808.08	0.201982
2809.41	-0.0437651
2810.74	0.179521
2812.07	-0.136234
2813.39	0.35782
2814.72	-0.168051
2816.05	0.384901
2817.37	-0.0250764
2818.7	0.0899167
2820.02	0.148227
2821.35	-0.275731
2822.67	0.00838089
2824	-0.0198417
2825.32	0.10746
2826.65	0.305544
2827.97	0.164208
2829.29	0.17914
2830.62	0.364355
2831.94	0.266643
2833.26	0.027339
2834.59	0.212408
2835.91	0.340405
2837.23	0.0717101
2838.55	0.227135
2839.88	0.396443
2841.2	0.396098
2842.52	0.523333
2843.84	0.467362
2845.16	0.765335
2846.48	0.795331
2847.8	0.853917
2849.12	0.44611
2850.44	0.744739
2851.76	0.703735
2853.08	0.549244
2854.4	1.12926
2855.72	0.875368
2857.04	0.635664
2858.36	1.00342
2859.68	0.820291
2861	1.06067
2862.32	1.3854
2863.63	1.14511
2864.95	1.44089
2866.27	1.20046
2867.58	1.89116
2868.9	1.63724
2870.22	1.45427
2871.53	1.66616
2872.85	1.89186
2874.17	1.65184
2875.48	1.98855
2876.8	1.67641
2878.11	1.8986
2879.43	1.92341
2880.74	1.48462
2882.06	1.90394
2883.37	1.52329
2884.69	1.62106
2886	1.87369
2887.31	1.62102
2888.63	1.77502
2889.94	1.68981
2891.25	1.6881
2892.57	1.81202
2893.88	1.86564
2895.19	1.69548
2896.5	2.36595
2897.82	2.16931
2899.13	2.11355
2900.44	2.26832
2901.75	1.8779
2903.06	2.08917
2904.37	2.21662
2905.68	2.14846
2906.99	2.30456
2908.3	2.22354
2909.61	2.38103
2910.92	2.09123
2912.23	2.3052
2913.54	2.81263
2914.85	2.29695
2916.16	2.70387
2917.46	2.52154
2918.77	3.12199
2920.08	2.78483
2921.39	2.81196
2922.7	2.63038
2924	2.56178
2925.31	2.96934
2926.62	3.15375
2927.92	2.76505
2929.23	3.17288
2930.53	2.68554
2931.84	3.16242
2933.15	2.78636
2934.45	3.33281
2935.76	3.23637
2937.06	3.30777
2938.37	2.94612
2939.67	2.86419
2940.98	2.90841
2942.28	2.93934
2943.58	2.59387
2944.89	2.33318
2946.19	2.56271
2947.49	2.70895
2948.8	2.15526
2950.1	2.06236
2951.4	2.47216
2952.7	2.20837
2954.01	2.33554
2955.31	2.40635
2956.61	2.36586
2957.91	2.13103
2959.21	2.26227
2960.51	2.17169
2961.81	2.16673
2963.11	1.81165
2964.41	2.00314
2965.71	2.2078
2967.01	1.68051
2968.31	1.50322
2969.61	1.46586
2970.91	1.8644
2972.21	1.67246
2973.51	1.70585
2974.81	1.85184
2976.1	1.70171
2977.4	1.64905
2978.7	1.69354
2980	1.5958
2981.29	1.31409
2982.59	1.58066
2983.89	1.17242
2985.18	1.51023
2986.48	1.0341
2987.78	1.31802
2989.07	0.773644
2990.37	0.721287
2991.66	0.626363
2992.96	0.938158
2994.25	0.700828
2995.55	0.88406
2996.84	0.841879
2998.14	0.406603
2999.43	0.729339
3000.72	0.351156
3002.02	0.240012
3003.31	0.325426
3004.6	0.340814
3005.9	0.509992
3007.19	0.496536
3008.48	0.0906119
3009.77	0.313607
3011.07	0.326072
3012.36	0.156629
3013.65	0.015317
3014.94	0.236968
3016.23	0.110598
3017.52	0.374803
3018.81	0.179941
3020.1	0.152214
3021.39	0.110223
3022.68	0.220325
3023.97	0.135113
3025.26	0.0632386
3026.55	0.102086
3027.84	0.334934
3029.13	0.167366
3030.42	0.249988
3031.71	0.0437512
3033	0.252699
3034.28	0.0615368
3035.57	-0.336887
3036.86	-0.046629
3038.15	0.0212984
3039.43	0.00491858
3040.72	-0.108995
3042.01	0.0785513
3043.29	-0.0360498
3044.58	-0.122283
3045.86	0.0527906
3047.15	0.161023
3048.44	0.0662928
3049.72	0.23274
3051.01	0.113888
3052.29	-0.195303
3053.58	0.0958896
3054.86	0.0999432
3056.14	0.198542
3057.43	0.0370874
3058.71	0.379176
3060	0.121486
3061.28	0.150138
3062.56	0.478771
3063.84	0.332444
3065.13	0.337041
3066.41	-0.14659
3067.69	0.0775371
3068.97	0.193236
3070.25	-0.153721
3071.54	0.219382
3072.82	0.305759
3074.1	0.105482
3075.38	-0.0683045
3076.66	-0.12002
3077.94	0.344391
3079.22	0.0223565
3080.5	-0.149046
3081.78	-0.102106
3083.06	-0.0405951
3084.34	-0.100636
3085.62	0.165033
3086.9	0.199604
3088.17	-0.16011
3089.45	0.02246
3090.73	-0.188972
3092.01	0.0472059
3093.29	0.201982
3094.56	0.112809
3095.84	0.132329
3097.12	0.178981
3098.4	-0.0184436
3099.67	0.122797
3100.95	0.0470891
3102.22	0.0526853
3103.5	-0.0769243
3104.77	-0.0301242
3106.05	0.0172329
3107.33	0.0382509
3108.6	-0.0616956
3109.88	0.0422306
3111.15	0.174084
3112.43	-0.045527
3113.7	-0.170147
3114.97	0.0168724
3116.25	0.135767
3117.52	0.0640378
3118.79	-0.0358305
3120.07	0.0938683
3121.34	0.100631
3122.61	-0.204882
3123.88	-0.158161
3125.16	-0.043694
3126.43	0.125123
3127.7	0.213067
3128.97	0.139051
3130.24	-0.178052
3131.51	0.0592628
3132.78	0.228669
3134.05	0.262496
3135.33	0.0392766
3136.59	0.058589
3137.86	0.293074
3139.14	-0.079381
3140.41	-0.249549
3141.67	0.185701
3142.94	0.271047
3144.21	0.0478206
3145.48	0.227839
3146.75	0.247252
3148.02	0.0929847
3149.28	0.394561
