200.388	-0.0161057
202.204	-0.00831223
204.019	0.000648499
205.832	-0.0864763
207.646	-0.245959
209.459	0.566415
211.274	0.138319
213.087	0.510492
214.899	0.420258
216.711	0.353893
218.524	-0.0512495
220.335	0.00481033
222.146	0.328009
223.956	0.57947
225.766	-0.0143223
227.576	-0.245004
229.388	0.272844
231.197	-0.103243
233.005	0.558152
234.813	1.17122
236.621	0.435487
238.429	0.763
240.236	1.31042
242.045	0.245443
243.852	0.676931
245.658	0.167741
247.464	0.93627
249.269	0.0844908
251.074	0.871256
252.879	1.00295
254.683	0.794863
256.487	0.875891
258.291	0.379472
260.094	1.37907
261.897	0.622165
263.702	0.373275
265.504	0.125662
267.306	0.625614
269.108	-0.248424
270.909	0.226622
272.71	0.507759
274.511	0.908007
276.311	0.559145
278.111	0.0398312
279.91	-0.023489
281.709	0.825792
283.508	-0.0838518
285.306	-0.152427
287.105	0.0663805
288.9	-0.53044
290.698	0.264123
292.495	-0.042222
294.291	0.0842276
296.088	0.857798
297.884	-0.351588
299.679	-0.197618
301.475	0.195045
303.27	0.300128
305.064	-0.121161
306.858	0.673464
308.652	-0.416207
310.444	0.425806
312.237	0.434902
314.03	0.207811
315.822	0.221031
317.615	0.426877
319.406	-0.675594
321.198	0.486604
322.987	0.697069
324.778	0.311899
326.568	0.786041
328.358	-0.411778
330.148	0.133458
331.935	0.199726
333.724	0.551403
335.513	0.0873213
337.301	0.362549
339.089	-0.393304
340.875	0.451954
342.662	-0.258122
344.449	-0.346373
346.236	0.0676012
348.02	0.338859
349.806	-0.12941
351.592	0.357365
353.375	0.00821877
355.16	-0.07938
356.944	-0.192114
358.728	0.122831
360.51	0.0313129
362.294	-0.132438
364.077	-0.249156
365.858	-0.0575552
367.64	0.963655
369.422	-0.10472
371.202	-0.0821934
372.983	0.176159
374.764	0.457172
376.543	-0.0885677
378.324	0.00417519
380.102	0.87518
381.881	0.427902
383.661	0.218057
385.438	0.409626
387.216	0.672964
388.993	0.303217
390.771	1.39102
392.548	0.765228
394.324	0.0228825
396.101	0.971923
397.875	1.00528
399.651	0.803644
401.425	0.437127
403.201	0.516235
404.974	0.12481
406.749	-0.267301
408.524	-0.096427
410.296	0.496558
412.07	0.385326
413.841	0.133841
415.614	0.680999
417.385	0.665973
419.156	0.487487
420.928	0.098094
422.698	0.389119
424.469	0.280411
426.238	0.475896
428.009	0.811318
429.777	-0.849044
431.548	-0.162049
433.315	0.0792809
435.083	0.297549
436.852	0.0934076
438.618	0.428353
440.387	0.292377
442.153	0.811045
443.919	0.623447
445.686	0.972736
447.451	0.500832
449.218	0.309818
450.982	-0.231196
452.746	0.46634
454.512	0.416615
456.275	-0.145763
458.038	0.433776
459.803	-0.383757
461.565	-0.222686
463.327	-0.222861
465.091	0.0583544
466.852	0.528551
468.613	0.490712
470.374	-0.754173
472.136	-0.161448
473.896	0.0121584
475.655	0.347095
477.415	-0.624732
479.176	0.00868225
480.934	0.151755
482.692	0.57441
484.45	0.532554
486.21	0.865665
487.967	0.152743
489.724	0.0477266
491.481	0.410602
493.237	0.56463
494.995	-0.00572395
496.75	0.991104
498.506	0.864864
500.26	0.784792
502.015	0.492629
503.769	0.433898
505.525	0.373836
507.279	0.947085
509.032	0.295805
510.785	0.183537
512.537	0.822499
514.289	-0.257936
516.041	-0.44558
517.793	0.376864
519.546	0.374816
521.297	0.160451
523.047	0.509388
524.797	1.04549
526.547	0.783396
528.297	0.568521
530.046	0.260032
531.795	1.19281
533.543	0.180774
535.291	0.314958
537.039	0.424016
538.787	0.227791
540.534	0.333834
542.281	0.508605
544.027	0.798834
545.773	-0.422077
547.519	0.0544024
549.264	1.20235
551.01	0.171247
552.754	0.299212
554.499	0.26538
556.243	0.278091
557.987	-0.0546961
559.73	-0.063755
561.474	0.111976
563.216	0.127056
564.959	0.257697
566.701	0.986132
568.441	0.451961
570.182	0.562061
571.923	0.926009
573.664	0.39714
575.405	0.489699
577.145	0.171177
578.885	-0.214926
580.624	-0.370846
582.361	0.760036
584.1	-0.522457
585.839	-0.105198
587.577	0.0119324
589.315	0.495893
591.052	-0.14852
592.787	0.0577393
594.524	0.240798
596.26	0.147813
597.997	0.192844
599.732	-0.245621
601.466	0.0512333
603.201	0.300633
604.936	-0.256367
606.67	0.564394
608.403	0.0284138
610.136	0.0666342
611.87	-0.536972
613.603	-0.474265
615.334	-0.0212679
617.067	0.431613
618.799	0.402679
620.529	0.235256
622.26	0.158147
623.991	-0.30846
625.72	-0.180512
627.451	0.0624762
629.181	0.444242
630.909	0.577447
632.638	0.393524
634.368	0.187987
636.095	0.370171
637.823	0.619022
639.551	0.613752
641.277	0.126151
643.005	0.206252
644.73	0.307546
646.457	0.0221682
648.184	-0.056221
649.908	0.186889
651.634	0.434043
653.357	2.18588
655.083	2.71564
656.806	2.13376
658.53	0.571905
660.253	0.489455
661.977	-0.234287
663.7	-0.0245943
665.422	0.822877
667.145	0.639632
668.865	0.24954
670.588	0.637712
672.308	-0.0702124
674.027	0.551891
675.749	0.145964
677.468	-0.396998
679.188	0.13859
680.907	0.720187
682.627	0.173481
684.345	0.820734
686.064	0.153709
687.781	0.474955
689.498	0.702933
691.216	0.768843
692.932	0.373349
694.65	0.967467
696.366	0.93854
698.081	1.11544
699.797	0.370304
701.512	0.82053
703.228	1.10823
704.942	0.544911
706.655	0.39492
708.371	0.313474
710.083	0.781663
711.796	0.241319
713.51	0.936718
715.222	0.0766439
716.934	0.382496
718.645	1.34942
720.358	0.673797
722.068	0.796558
723.779	0.873661
725.49	0.291203
727.2	0.209161
728.909	1.03452
730.618	0.83762
732.329	0.527399
734.037	0.986846
735.745	1.28718
737.453	0.593744
739.16	0.12792
740.869	0.79097
742.576	1.20654
744.282	0.947709
745.988	0.960732
747.694	1.20026
749.401	0.698889
751.107	0.513922
752.811	0.735199
754.516	1.25047
756.22	1.29507
757.924	0.643445
759.627	1.63731
761.332	1.236
763.035	1.46647
764.738	0.726092
766.44	1.22619
768.142	1.34056
769.843	1.33952
771.544	0.861276
773.245	0.969358
774.946	1.46124
776.646	1.54662
778.346	1.45252
780.046	1.40532
781.745	1.83447
783.444	2.12833
785.143	0.949743
786.841	2.16792
788.539	1.66216
790.237	1.49236
791.934	1.41009
793.631	2.13898
795.328	1.44488
797.024	1.94754
798.72	1.61794
800.416	1.65093
802.112	1.19056
803.807	1.63092
805.502	1.64366
807.196	1.79031
808.89	1.53123
810.584	2.10149
812.278	1.99707
813.971	1.57844
815.664	1.22735
817.354	2.17415
819.047	1.97958
820.739	1.1379
822.43	1.14586
824.122	1.66747
825.813	2.14535
827.503	1.35553
829.192	1.25953
830.882	1.50089
832.571	1.09939
834.261	1.90356
835.95	1.81767
837.637	1.55297
839.325	1.9789
841.013	1.68861
842.701	1.39659
844.389	1.41668
846.074	1.61626
847.761	1.14706
849.447	0.612886
851.131	1.58076
852.817	1.56637
854.503	1.55305
856.188	1.29247
857.871	0.715408
859.556	0.968143
861.24	1.57955
862.922	1.06341
864.606	1.06372
866.289	0.589585
867.97	1.48997
869.653	1.2851
871.336	0.0872593
873.016	1.46073
874.698	0.803738
876.379	0.755866
878.058	1.04654
879.739	1.20172
881.418	0.950198
883.098	1.01392
884.778	1.36992
886.456	1.20515
888.135	0.474678
889.812	1.1864
891.49	1.03925
893.167	0.935863
894.845	1.37135
896.523	1.35523
898.198	1.13588
899.875	0.848626
901.55	0.628374
903.226	1.25835
904.901	0.590259
906.576	0.861529
908.25	0.932151
909.925	0.892171
911.598	1.03124
913.271	0.704056
914.945	1.11062
916.617	0.540401
918.291	1.38958
919.962	0.82018
921.635	1.20363
923.306	1.14557
924.978	1.61953
926.648	1.58723
928.318	1.51277
929.989	0.579157
931.659	1.08079
933.328	1.00901
934.998	1.22418
936.666	1.24125
938.336	0.972534
940.004	0.705124
941.671	1.23312
943.34	1.07815
945.007	1.0554
946.673	0.74446
948.339	0.630181
950.007	1.35248
951.672	0.572725
953.337	0.455099
955.004	1.00061
956.669	0.843378
958.333	0.888143
959.997	0.538752
961.662	0.323159
963.326	0.969264
964.989	0.818192
966.651	0.531335
968.315	1.1485
969.977	0.767648
971.639	-0.144967
973.301	-0.0174503
974.962	0.531633
976.624	0.419196
978.285	0.927745
979.945	0.961594
981.605	0.995067
983.264	0.595396
984.924	0.658463
986.583	1.27254
988.243	0.755829
989.901	0.724632
991.56	0.670608
993.217	0.461804
994.875	0.0987978
996.532	0.199625
998.188	1.31457
999.845	1.39225
1001.5	1.24914
1003.16	0.203416
1004.81	0.566233
1006.47	0.818494
1008.12	0.565423
1009.78	0.620258
1011.43	1.02637
1013.09	-0.189352
1014.74	0.743359
1016.39	0.0554476
1018.05	0.39718
1019.7	-0.157277
1021.35	0.710891
1023	0.639864
1024.65	0.832182
1026.31	0.806605
1027.96	0.540733
1029.61	1.30103
1031.26	0.989426
1032.91	0.763551
1034.56	1.51784
1036.21	1.48459
1037.86	0.927526
1039.51	1.43781
1041.16	1.31724
1042.8	0.959209
1044.45	0.494893
1046.1	1.18425
1047.75	1.63659
1049.39	0.375173
1051.04	1.15668
1052.69	0.614193
1054.33	0.680331
1055.98	0.507431
1057.62	0.768923
1059.27	0.834277
1060.91	0.877181
1062.56	0.0929041
1064.2	0.0252085
1065.85	-0.152277
1067.49	-0.048296
1069.13	1.05396
1070.77	-0.190819
1072.42	-0.653246
1074.06	0.295538
1075.7	0.0734091
1077.34	1.24074
1078.98	0.631049
1080.62	0.499361
1082.27	0.367702
1083.91	0.603727
1085.55	0.209271
1087.18	0.202909
1088.82	0.25925
1090.46	0.616485
1092.1	0.063838
1093.74	0.39706
1095.38	0.492482
1097.02	0.222124
1098.65	0.556791
1100.29	0.483916
1101.93	0.0904465
1103.56	0.21548
1105.2	-0.21734
1106.84	0.318427
1108.47	0.273152
1110.11	0.0332308
1111.74	0.415065
1113.38	0.708821
1115.01	0.399689
1116.64	0.240421
1118.28	0.681722
1119.91	0.459006
1121.54	0.280483
1123.18	0.0390854
1124.81	0.333838
1126.44	-0.0764875
1128.07	0.348224
1129.7	0.26041
1131.33	0.429807
1132.97	0.0436974
1134.6	0.213298
1136.23	0.788262
1137.86	-0.240735
1139.49	0.203431
1141.11	-0.0370893
1142.74	0.212839
1144.37	1.10246
1146	0.00937176
1147.63	-0.698213
1149.26	0.321255
1150.88	0.552661
1152.51	0.443256
1154.14	0.652873
1155.76	-0.15968
1157.39	0.581261
1159.01	0.598957
1160.64	0.553786
1162.27	0.765031
1163.89	0.70101
1165.51	0.339933
1167.14	-0.0426569
1168.76	0.020134
1170.39	0.421163
1172.01	0.224874
1173.63	0.026803
1175.25	0.697465
1176.88	0.412492
1178.5	0.106964
1180.12	-0.0280352
1181.74	0.134256
1183.36	-0.189157
1184.98	0.142906
1186.6	-0.518879
1188.22	0.147869
1189.84	-0.179435
1191.46	0.102463
1193.08	0.192728
1194.7	0.512745
1196.32	0.433472
1197.94	0.355409
1199.55	0.174866
1201.17	-0.086298
1202.79	0.0734348
1204.41	0.444534
1206.02	0.525702
1207.64	-0.0383377
1209.25	0.441102
1210.87	0.648421
1212.48	0.0406179
1214.1	0.347812
1215.71	0.298114
1217.33	0.32967
1218.94	0.526207
1220.56	0.120132
1222.17	0.441457
1223.79	0.784272
1225.4	0.631332
1227.01	0.480326
1228.62	0.620622
1230.23	0.328038
1231.85	1.04983
1233.46	0.739356
1235.07	1.52573
1236.68	0.908085
1238.29	0.746278
1239.9	1.63978
1241.51	1.0034
1243.12	0.738741
1244.73	0.804195
1246.34	0.371881
1247.94	1.32483
1249.55	1.53188
1251.16	1.34541
1252.77	1.0558
1254.37	0.787724
1255.98	1.03798
1257.59	0.793194
1259.2	0.632411
1260.8	0.96933
1262.41	0.78937
1264.01	0.0707321
1265.62	0.946795
1267.22	0.723989
1268.83	0.748809
1270.43	0.565136
1272.03	1.0645
1273.64	0.961401
1275.24	1.18883
1276.85	0.586179
1278.45	-0.0377226
1280.05	0.559855
1281.65	0.928898
1283.25	0.904644
1284.85	0.943037
1286.46	1.35452
1288.06	1.14695
1289.66	0.506543
1291.26	0.879393
1292.86	0.921518
1294.46	1.12809
1296.06	1.45704
1297.66	1.26777
1299.25	0.767287
1300.85	0.946089
1302.45	1.08199
1304.05	0.866664
1305.65	1.24715
1307.24	0.948497
1308.84	1.67591
1310.43	1.27459
1312.03	0.997358
1313.63	1.43736
1315.22	1.48945
1316.82	0.44002
1318.41	1.49431
1320.01	1.32369
1321.6	1.23381
1323.2	1.46792
1324.79	1.13035
1326.38	1.34006
1327.98	1.34579
1329.57	1.65577
1331.16	1.76462
1332.76	1.45157
1334.35	1.32342
1335.94	1.21757
1337.53	1.43523
1339.12	1.45038
1340.71	1.10103
1342.3	0.930941
1343.89	1.68357
1345.48	1.08793
1347.07	1.21562
1348.66	1.14465
1350.25	1.39686
1351.84	1.21169
1353.43	1.06915
1355.01	0.0888004
1356.6	1.08767
1358.19	0.507388
1359.77	0.285907
1361.36	1.00152
1362.95	0.7978
1364.53	0.932792
1366.12	0.509988
1367.71	1.08422
1369.29	0.902889
1370.88	0.504381
1372.46	0.565244
1374.04	0.129927
1375.63	1.30711
1377.21	1.17121
1378.8	0.756149
1380.38	1.19558
1381.96	0.797852
1383.54	0.597709
1385.13	1.11215
1386.71	0.950056
1388.29	0.6294
1389.87	0.786151
1391.45	0.606478
1393.03	0.7849
1394.61	0.924042
1396.19	0.805159
1397.77	1.06219
1399.35	0.386565
1400.93	0.700737
1402.51	1.21184
1404.09	0.0209055
1405.67	0.848684
1407.24	0.550058
1408.82	0.549004
1410.4	0.864594
1411.98	0.765299
1413.55	0.922035
1415.13	0.72244
1416.71	0.305128
1418.28	0.617064
1419.86	0.554702
1421.43	0.39511
1423.01	1.08381
1424.58	1.65605
1426.16	0.77332
1427.73	1.34775
1429.31	1.13461
1430.88	1.05822
1432.45	1.15762
1434.02	1.66896
1435.6	1.23542
1437.17	1.60844
1438.74	1.45141
1440.31	1.61008
1441.88	2.24155
1443.45	2.38258
1445.03	1.62003
1446.6	1.93866
1448.17	1.70712
1449.74	1.75111
1451.3	2.07093
1452.87	1.82121
1454.44	2.20133
1456.01	1.18463
1457.58	2.01667
1459.15	1.84368
1460.72	2.47546
1462.28	1.68813
1463.85	1.84327
1465.42	1.3876
1466.98	1.757
1468.55	1.04655
1470.12	1.6919
1471.68	1.1218
1473.25	1.23974
1474.81	1.10365
1476.38	1.39946
1477.94	1.00918
1479.51	1.46181
1481.07	1.46342
1482.63	1.13179
1484.2	1.4075
1485.76	1.36927
1487.32	0.762201
1488.88	1.03503
1490.45	1.87288
1492.01	1.61198
1493.57	1.75902
1495.13	1.49374
1496.69	1.16927
1498.25	1.29286
1499.81	0.270061
1501.37	1.40578
1502.93	0.989006
1504.49	1.21353
1506.05	0.334565
1507.61	1.21648
1509.17	0.994191
1510.73	0.442981
1512.28	0.778614
1513.84	0.631726
1515.4	0.312397
1516.96	1.14643
1518.51	0.848003
1520.07	0.378568
1521.63	0.790629
1523.18	0.857388
1524.74	0.102122
1526.29	-0.00410175
1527.85	0.345918
1529.4	0.922503
1530.96	0.832801
1532.51	0.288848
1534.06	-0.139058
1535.62	0.551188
1537.17	0.693035
1538.72	0.118133
1540.28	0.317953
1541.83	0.630546
1543.38	0.208415
1544.93	0.726991
1546.48	1.30062
1548.03	0.371793
1549.59	0.475755
1551.14	1.27253
1552.69	1.05814
1554.24	0.957388
1555.79	0.951784
1557.34	0.892236
1558.88	0.890996
1560.43	1.17181
1561.98	0.409824
1563.53	1.02964
1565.08	1.0159
1566.62	0.554413
1568.17	0.409838
1569.72	0.694129
1571.27	1.01536
1572.81	1.29893
1574.36	0.592969
1575.9	0.391035
1577.45	1.30941
1579	0.828137
1580.54	0.888953
1582.09	1.26817
1583.63	0.976037
1585.17	0.553758
1586.72	0.449544
1588.26	0.68209
1589.8	1.00817
1591.35	0.566557
1592.89	0.891817
1594.43	1.32931
1595.97	0.661685
1597.52	1.49345
1599.06	1.35163
1600.6	1.49189
1602.14	0.581841
1603.68	1.0792
1605.22	1.33209
1606.76	1.54602
1608.3	0.761593
1609.84	1.32774
1611.38	0.819985
1612.92	1.39961
1614.46	1.07614
1615.99	1.33396
1617.53	1.08586
1619.07	1.06416
1620.61	0.70709
1622.14	0.819875
1623.68	0.877422
1625.22	0.710402
1626.75	1.17893
1628.29	1.30898
1629.82	0.520978
1631.36	0.966115
1632.9	1.57833
1634.43	1.35012
1635.96	1.17905
1637.5	1.36356
1639.03	1.10125
1640.57	1.26785
1642.1	1.15419
1643.63	1.63524
1645.16	1.53743
1646.7	0.732014
1648.23	1.69264
1649.76	1.92812
1651.29	1.73764
1652.82	1.71579
1654.36	1.30597
1655.89	1.24937
1657.42	1.2113
1658.95	0.987192
1660.48	1.44678
1662.01	1.01613
1663.53	1.19479
1665.06	1.26165
1666.59	1.32876
1668.12	1.1388
1669.65	0.913901
1671.18	1.00414
1672.7	0.653499
1674.23	0.929726
1675.76	0.690095
1677.29	0.394534
1678.81	1.01784
1680.34	0.664851
1681.86	0.550271
1683.39	1.02305
1684.91	0.651128
1686.44	0.720205
1687.96	0.826358
1689.49	0.914526
1691.01	0.21558
1692.54	0.28605
1694.06	0.100304
1695.58	0.389893
1697.11	0.386539
1698.63	0.382803
1700.15	0.761847
1701.67	0.173179
1703.2	0.386587
1704.72	-0.00190258
1706.24	0.264747
1707.76	-0.0874891
1709.28	-0.130446
1710.8	0.8975
1712.32	0.237526
1713.84	0.376031
1715.36	0.0799074
1716.88	0.435369
1718.4	0.50092
1719.91	-0.174104
1721.43	0.433212
1722.95	0.463258
1724.47	-0.28035
1725.99	0.725049
1727.5	0.489058
1729.02	0.866217
1730.54	0.145532
1732.05	0.00167084
1733.57	0.491512
1735.09	0.120704
1736.6	0.431973
1738.12	0.213778
1739.63	0.926009
1741.15	-0.229753
1742.66	-0.023015
1744.18	-0.13935
1745.69	-0.163238
1747.2	0.484723
1748.72	0.418067
1750.23	-0.130756
1751.74	0.51744
1753.25	-0.0843964
1754.77	-0.153481
1756.28	-0.0577097
1757.79	-0.744669
1759.3	0.0693417
1760.81	0.379228
1762.32	-0.462242
1763.83	0.403353
1765.34	0.291355
1766.85	0.0549393
1768.36	0.201435
1769.87	0.0249176
1771.38	0.0687714
1772.89	-0.138518
1774.4	-0.276257
1775.91	0.241183
1777.41	0.00540066
1778.92	0.00329876
1780.43	-0.00299835
1781.94	0.112364
1783.44	0.190728
1784.95	0.093586
1786.45	-0.162126
1787.96	0.111477
1789.47	-0.0227356
1790.97	-0.0843973
1792.47	-0.118448
1793.98	0.141312
1795.48	-0.0336866
1796.99	0.269835
1798.49	0.00588322
1800	-0.230827
1801.5	-0.134602
1803	0.112975
1804.51	-0.248444
1806.01	0.0934725
1807.51	0.365594
1809.01	-0.124547
1810.51	0.283465
1812.02	0.132994
1813.52	-0.275704
1815.02	-0.185999
1816.52	-0.0835743
1818.02	0.237509
1819.52	0.181291
1821.02	0.0126524
1822.52	-0.0218782
1824.02	0.467438
1825.51	0.179173
1827.01	0.318083
1828.51	0.0777845
1830.01	-0.213876
1831.51	0.458264
1833	0.0144196
1834.5	-0.122237
1836	0.277031
1837.49	0.120398
1838.99	0.112472
1840.49	0.29181
1841.98	0.357861
1843.48	0.0565424
1844.97	0.173802
1846.47	-0.0626659
1847.96	0.209247
1849.46	0.0409441
1850.95	0.367376
1852.45	0.148003
1853.94	0.26463
1855.43	0.359979
1856.92	0.0813446
1858.42	-0.000742912
1859.91	0.142005
1861.4	0.531608
1862.89	0.137597
1864.39	0.175613
1865.88	-0.133212
1867.37	0.0774946
1868.86	0.0278139
1870.35	0.095233
1871.84	0.327795
1873.33	0.341311
1874.82	0.164003
1876.31	-0.0178528
1877.8	0.210059
1879.29	0.600711
1880.77	0.0873938
1882.26	0.359991
1882.52	0.444536
1884.02	0.198811
1885.51	0.0743618
1887.01	-0.0161047
1888.5	0.119258
1889.99	-0.0410852
1891.49	0.512829
1892.98	0.0424061
1894.47	-0.00861359
1895.96	-0.370921
1897.46	0.311039
1898.95	0.471302
1900.44	-0.0828218
1901.93	0.318039
1903.42	0.612411
1904.91	0.418162
1906.4	0.205815
1907.89	0.132575
1909.38	0.146862
1910.87	0.578608
1912.36	0.178489
1913.85	0.438235
1915.34	0.212458
1916.83	0.177103
1918.32	0.262488
1919.8	0.104748
1921.29	0.397345
1922.78	0.257329
1924.27	-0.12401
1925.75	0.39617
1927.24	0.0519419
1928.73	0.245117
1930.21	0.403668
1931.7	0.180353
1933.18	0.0247068
1934.67	-0.0116463
1936.15	0.417319
1937.64	0.204708
1939.12	0.475644
1940.61	0.332147
1942.09	0.258815
1943.57	0.617983
1945.06	-0.418898
1946.54	-0.0583601
1948.02	0.318933
1949.51	0.0405121
1950.99	0.449948
1952.47	0.341654
1953.95	0.628334
1955.43	0.399021
1956.91	0.307838
1958.39	0.474972
1959.87	0.40261
1961.36	0.399525
1962.84	-0.237513
1964.32	0.342209
1965.79	-0.0210133
1967.27	0.334218
1968.75	0.10673
1970.23	0.425847
1971.71	0.197639
1973.19	-0.0815039
1974.66	0.270912
1976.14	-0.0928144
1977.62	-0.11521
1979.1	0.288065
1980.57	0.24851
1982.05	0.123819
1983.53	-0.0519876
1985	0.484978
1986.48	0.308501
1987.95	0.166169
1989.43	0.447762
1990.9	0.442031
1992.38	0.268245
1993.85	0.12958
1995.33	0.042634
1996.8	0.327889
1998.27	-0.0119429
1999.75	0.188211
2001.22	-0.051218
2002.69	0.096961
2004.16	-0.0923223
2005.64	0.157037
2007.11	0.45754
2008.58	0.489496
2010.05	0.067874
2011.52	0.320298
2012.99	0.589548
2014.46	0.218751
2015.93	0.469739
2017.4	0.013176
2018.87	0.0267658
2020.34	0.543802
2021.81	0.438782
2023.28	0.53566
2024.75	0.314571
2026.22	0.665268
2027.69	0.245992
2029.15	0.264503
2030.62	-0.235554
2032.09	0.490216
2033.56	0.142618
2035.02	0.298568
2036.49	0.504579
2037.95	0.172403
2039.42	0.158958
2040.89	0.464833
2042.35	-0.086256
2043.82	0.153678
2045.28	0.79865
2046.75	0.468631
2048.21	-0.316205
2049.67	0.41463
2051.14	0.369397
2052.6	0.474177
2054.06	-0.198884
2055.53	0.610172
2056.99	0.152964
2058.45	0.52087
2059.92	0.484035
2061.38	0.380354
2062.84	0.597473
2064.3	0.310761
2065.76	0.647902
2067.22	0.447467
2068.68	0.0120411
2070.14	0.570016
2071.6	0.118075
2073.06	0.120478
2074.52	0.341496
2075.98	-0.0103903
2077.44	0.142509
2078.9	0.345487
2080.36	0.632122
2081.82	0.513986
2083.27	0.243636
2084.73	-0.0442247
2086.19	0.256056
2087.65	0.437707
2089.1	0.114545
2090.56	0.597738
2092.01	0.207346
2093.47	0.337422
2094.93	0.215519
2096.38	0.227291
2097.84	0.439295
2099.29	0.215154
2100.75	0.659907
2102.2	0.101623
2103.66	0.513555
2105.11	0.392368
2106.56	0.0726376
2108.02	0.354686
2109.47	0.170076
2110.92	0.418396
2112.37	0.748384
2113.83	-0.00633621
2115.28	-0.24589
2116.73	0.794086
2118.18	0.503795
2119.63	0.580607
2121.09	0.178382
2122.54	0.309285
2123.99	0.640712
2125.44	0.491942
2126.89	0.177115
2128.34	0.64039
2129.79	0.256771
2131.23	0.170192
2132.68	8.10623e-005
2134.13	0.475296
2135.58	0.818581
2137.03	0.568199
2138.48	0.534824
2139.92	0.801021
2141.37	0.920353
2142.82	0.0985308
2144.26	0.600226
2145.71	0.357731
2147.16	0.51208
2148.6	0.185542
2150.05	0.388027
2151.49	0.771776
2152.94	0.740252
2154.38	0.409582
2155.83	0.492635
2157.27	0.82422
2158.72	0.742439
2160.16	0.811201
2161.6	0.898499
2163.05	0.457374
2164.49	0.581443
2165.93	0.573783
2167.38	0.997991
2168.82	0.656862
2170.26	1.11177
2171.7	1.34832
2173.14	0.501348
2174.58	1.06684
2176.03	0.666932
2177.47	0.749575
2178.91	0.849644
2180.35	1.23342
2181.79	0.753625
2183.23	0.806503
2184.67	0.56032
2186.1	0.979564
2187.54	0.583672
2188.98	0.4373
2190.42	1.02326
2191.86	0.59358
2193.3	0.862279
2194.73	0.763239
2196.17	0.861962
2197.61	0.675559
2199.05	0.720242
2200.48	0.398185
2201.92	0.441684
2203.35	0.701494
2204.79	0.87928
2206.22	0.577408
2207.66	0.67398
2209.09	0.555001
2210.53	0.534583
2211.96	0.248441
2213.4	0.325506
2214.83	0.83177
2216.27	0.479671
2217.7	0.360198
2219.13	0.291639
2220.56	0.388916
2222	0.535717
2223.43	0.13797
2224.86	0.167236
2226.29	0.523722
2227.72	0.76273
2229.16	0.244338
2230.59	0.415211
2232.02	0.66739
2233.45	-0.0464239
2234.88	0.484786
2236.31	0.395465
2237.74	0.308031
2239.17	0.74489
2240.6	0.547517
2242.03	0.613197
2243.45	0.419304
2244.88	0.56833
2246.31	0.308853
2247.74	0.406485
2249.17	0.191954
2250.59	0.740907
2252.02	0.326685
2253.45	0.383855
2254.87	0.018815
2256.3	0.467644
2257.73	0.334375
2259.15	-0.0876923
2260.58	-0.149695
2262	0.440102
2263.43	-0.218324
2264.85	0.309119
2266.28	0.576624
2267.7	0.566953
2269.13	0.100555
2270.55	0.853904
2271.97	0.369564
2273.4	0.585118
2274.82	0.0352402
2276.24	-0.156219
2277.66	0.858474
2279.09	-0.147728
2280.51	0.378315
2281.93	0.203115
2283.35	0.435599
2284.77	0.162362
2286.19	0.232005
2287.61	0.318414
2289.04	0.307368
2290.46	0.133354
2291.88	0.139319
2293.29	0.50522
2294.71	-0.0448313
2296.13	0.0920334
2297.55	0.179827
2298.97	-0.207344
2300.39	0.1265
2301.81	0.149399
2303.23	-0.401583
2304.64	0.0154972
2306.06	-0.453924
2307.48	0.0452719
2308.89	0.18269
2310.31	0.105802
2311.73	-0.136065
2313.14	0.181318
2314.56	0.137231
2315.97	0.291508
2317.39	0.446794
2318.8	-0.139056
2320.22	0.280308
2321.63	0.41835
2323.05	0.290307
2324.46	0.27519
2325.88	0.571049
2327.29	0.666873
2328.7	0.629867
2330.12	0.444874
2331.53	0.211671
2332.94	0.144461
2334.35	0.0946827
2335.76	0.308407
2337.18	0.176158
2338.59	0.0758057
2340	-0.0585728
2341.41	0.0853472
2342.82	-0.198159
2344.23	0.158266
2345.64	-0.222986
2347.05	0.379283
2348.46	-0.230459
2349.87	0.354322
2351.28	-0.190474
2352.69	-0.229147
2354.1	0.122852
2355.5	0.131091
2356.91	0.0575237
2358.32	0.179253
2359.73	-0.2353
2361.14	-0.161976
2362.54	-0.364443
2363.95	-0.275075
2365.36	0.412643
2366.76	0.129434
2368.17	-0.184833
2369.58	0.180089
2370.98	0.239628
2372.39	-0.0699711
2373.79	0.0405102
2375.2	0.312287
2376.6	0.374251
2378	0.290222
2379.41	0.333122
2380.81	0.229599
2382.22	0.0445299
2383.62	0.067112
2385.02	-0.00661469
2386.42	0.104012
2387.83	0.215363
2389.23	-0.317924
2390.63	-0.0045929
2392.03	0.0707417
2393.43	-0.0915804
2394.84	0.494653
2396.24	0.11142
2397.64	0.333092
2399.04	0.173951
2400.44	0.364925
2401.84	0.000267029
2403.24	-0.221303
2404.64	0.398356
2406.04	-0.300755
2407.44	-0.254607
2408.83	-0.0507393
2410.23	0.105005
2411.63	0.324204
2413.03	0.0373449
2414.43	0.464524
2415.83	0.196672
2417.22	-0.0538626
2418.62	0.0290594
2420.02	-0.394375
2421.41	0.259043
2422.81	0.294431
2424.21	0.250291
2425.6	-0.158254
2427	-0.138443
2428.39	0.0725451
2429.79	0.110266
2431.18	0.0694437
2432.58	0.251001
2433.97	0.00335407
2435.36	-0.0391703
2436.76	-0.0833092
2438.15	-0.144977
2439.54	0.014369
2440.94	-0.176717
2442.33	0.21909
2443.72	0.13824
2445.11	-0.0696287
2446.51	0.245708
2447.9	0.338754
2449.29	0.00401688
2450.68	0.192324
2452.07	0.0645218
2453.46	0.0325928
2454.85	0.207281
2456.24	0.129597
2457.63	0.115555
2459.02	-0.0726357
2460.41	-0.0399952
2461.8	0.371215
2463.19	0.370358
2464.58	-0.0261354
2465.97	0.0669336
2467.36	0.128246
2468.75	-0.29968
2470.13	0.0295782
2471.52	0.421064
2472.91	-0.133841
2474.29	-0.153617
2475.68	-0.0639496
2477.07	-0.131998
2478.45	0.459592
2479.84	-0.0166292
2481.22	0.0255136
2482.61	0.208524
2484	-0.016284
2485.38	0.164982
2486.77	0.344632
2488.15	-0.0703211
2489.54	-0.111033
2490.92	0.408499
2492.3	0.227796
2493.69	0.126347
2495.07	0.398888
2496.45	0.393386
2497.84	0.110068
2499.22	0.229883
2500.6	0.117158
2501.98	0.00374413
2503.36	-0.187727
2504.74	0.422297
2506.13	0.25993
2507.51	0.174601
2508.89	0.16647
2510.27	-0.0254555
2511.65	0.0752106
2513.03	0.467791
2514.41	0.125516
2515.79	-0.0775328
2517.17	-0.386553
2518.55	-0.113682
2519.93	0.159098
2521.3	-0.0726938
2522.68	-0.137025
2524.06	-0.0191364
2525.44	0.0825644
2526.82	-0.0598364
2528.19	-0.262432
2529.57	-0.129049
2530.95	0.401052
2532.32	0.157758
2533.7	0.219931
2535.08	-0.0361404
2536.45	-0.140311
2537.83	0.301689
2539.2	0.226113
2540.58	0.240755
2541.95	0.0121489
2543.33	0.36055
2544.7	0.148467
2546.08	0.499027
2547.45	0.0318689
2548.82	0.0965433
2550.2	0.115801
2551.57	0.0434942
2552.94	0.137128
2554.32	0.00199604
2555.69	-0.0733786
2557.06	-0.0279732
2558.43	0.275045
2559.8	-0.149446
2561.17	0.29074
2562.55	0.216258
2563.92	-0.115168
2565.29	0.311586
2566.66	0.20824
2568.03	0.0898342
2569.4	0.0169067
2570.77	0.0652275
2572.14	-0.0682821
2573.51	-0.0501289
2574.88	0.286489
2576.24	0.410954
2577.61	0.429226
2578.98	0.0530138
2580.35	0.0554838
2581.72	-0.200253
2583.09	-0.380538
2584.45	0.196954
2585.82	-0.0745831
2587.19	0.169394
2588.55	-0.086585
2589.92	-0.206013
2591.28	-0.401316
2592.65	-0.20311
2594.02	0.357739
2595.38	0.402261
2596.75	-0.00850105
2598.11	0.291306
2599.48	0.151901
2600.84	0.103446
2602.2	0.312332
2603.57	-0.399043
2604.93	-0.00769329
2606.3	-0.0387697
2607.66	-0.145558
2609.02	0.183925
2610.38	0.315907
2611.75	0.0850191
2613.11	0.364493
2614.47	-0.123515
2615.83	0.469591
2617.19	-0.167462
2618.56	0.320605
2619.92	0.359777
2621.28	-0.123611
2622.64	0.111487
2624	-0.191021
2625.36	-0.194732
2626.72	0.308307
2628.08	-0.143403
2629.44	-0.103401
2630.8	0.0404692
2632.15	0.228597
2633.51	0.0747347
2634.87	0.351515
2636.23	-0.128512
2637.59	0.207223
2638.94	0.14271
2640.3	-0.113844
2641.66	0.177268
2643.02	0.231905
2644.37	0.212848
2645.73	0.0167122
2647.08	-0.135345
2648.44	-0.125871
2649.8	0.36834
2651.15	0.493307
2652.51	0.103671
2653.86	0.169875
2655.22	0.42733
2656.57	0.304804
2657.92	0.256938
2659.28	0.151625
2660.63	0.0468817
2661.99	0.205151
2663.34	-0.0609684
2664.69	0.095664
2666.04	0.119987
2667.4	0.347778
2668.75	-0.327706
2670.1	-0.15792
2671.45	-0.0750561
2672.81	0.284454
2674.16	0.0197954
2675.51	0.235038
2676.86	-0.0135527
2678.21	0.202882
2679.56	0.0721188
2680.91	-0.0284557
2682.26	0.263733
2683.61	0.499304
2684.96	0.271919
2686.31	0.0304146
2687.66	0.224028
2689	0.285793
2690.35	0.476364
2691.7	0.127815
2693.05	0.0534801
2694.4	0.253673
2695.74	0.149108
2697.09	0.0887861
2698.44	0.0878429
2699.79	0.161125
2701.13	0.178403
2702.48	0.327701
2703.82	0.420318
2705.17	-0.167769
2706.52	0.331486
2707.86	0.148893
2709.21	0.314123
2710.55	-0.0292091
2711.9	0.0482121
2713.24	0.198195
2714.58	0.406348
2715.93	0.440074
2717.27	-0.0208263
2718.61	0.405176
2719.96	-0.0857372
2721.3	0.339553
2722.64	0.516987
2723.99	0.606587
2725.33	0.4337
2726.67	0.31862
2728.01	0.246868
2729.35	0.233081
2730.7	0.13184
2732.04	0.0305958
2733.38	0.409522
2734.72	0.104928
2736.06	0.0624123
2737.4	0.427279
2738.74	0.384886
2740.08	0.21135
2741.42	0.255442
2742.76	0.182521
2744.09	0.137945
2745.43	0.165361
2746.77	0.192297
2748.11	0.393188
2749.45	-0.000906944
2750.79	-0.0463848
2752.12	0.314387
2753.46	0.182414
2754.8	0.297018
2756.13	0.020648
2757.47	0.179008
2758.81	0.395473
2760.14	0.48202
2761.48	0.134963
2762.81	0.164722
2764.15	0.122483
2765.49	0.268331
2766.82	0.254525
2768.15	0.340965
2769.49	0.310264
2770.82	0.263526
2772.16	0.143146
2773.49	0.223828
2774.82	0.0154467
2776.16	-0.120597
2777.49	0.118167
2778.82	0.069541
2780.16	-0.222739
2781.49	-0.169622
2782.82	0.156197
2784.15	-0.264233
2785.48	0.0324774
2786.81	0.300357
2788.15	0.253551
2789.48	0.207658
2790.81	0.162798
2792.14	-0.109944
2793.47	0.103972
2794.8	0.0177155
2796.13	0.102606
2797.46	0.0583048
2798.79	0.0705423
2800.12	0.0965824
2801.44	0.0224543
2802.77	-0.0803251
2804.1	-0.0550184
2805.43	-0.158389
2806.76	-0.0345345
2808.08	-0.139093
2809.41	0.0971498
2810.74	0.27625
2812.07	0.186128
2813.39	0.281741
2814.72	-0.159884
2816.05	0.3358
2817.37	0.43573
2818.7	-0.129844
2820.02	0.339267
2821.35	0.212605
2822.67	-0.0139561
2824	0.339784
2825.32	0.565496
2826.65	-0.157636
2827.97	0.635023
2829.29	0.394644
2830.62	0.607814
2831.94	0.523942
2833.26	0.524943
2834.59	0.483132
2835.91	0.398336
2837.23	0.426182
2838.55	0.594995
2839.88	0.862489
2841.2	0.748225
2842.52	1.0868
2843.84	1.29878
2845.16	1.59634
2846.48	1.39997
2847.8	1.7552
2849.12	1.40379
2850.44	1.85767
2851.76	1.95764
2853.08	1.81675
2854.4	1.50588
2855.72	1.91545
2857.04	1.57617
2858.36	1.91502
2859.68	1.94306
2861	2.42274
2862.32	2.43599
2863.63	2.09598
2864.95	2.65888
2866.27	2.38917
2867.58	2.96606
2868.9	3.19071
2870.22	3.28889
2871.53	3.14759
2872.85	3.31608
2874.17	3.1032
2875.48	3.04417
2876.8	3.30774
2878.11	3.41532
2879.43	3.70527
2880.74	3.33465
2882.06	3.3587
2883.37	3.69293
2884.69	3.45242
2886	3.53557
2887.31	3.61878
2888.63	3.21033
2889.94	3.20801
2891.25	3.35898
2892.57	3.78942
2893.88	3.60289
2895.19	3.40294
2896.5	3.9879
2897.82	3.60817
2899.13	3.41166
2900.44	4.20934
2901.75	4.02823
2903.06	3.74946
2904.37	3.90447
2905.68	3.84997
2906.99	4.25768
2908.3	4.16277
2909.61	4.60045
2910.92	4.46517
2912.23	4.97371
2913.54	4.64155
2914.85	5.14775
2916.16	4.65797
2917.46	5.53814
2918.77	5.2134
2920.08	5.43413
2921.39	5.3339
2922.7	5.48677
2924	5.31971
2925.31	5.78297
2926.62	5.99535
2927.92	6.37557
2929.23	6.00041
2930.53	6.01603
2931.84	5.49988
2933.15	6.22753
2934.45	6.22822
2935.76	6.21507
2937.06	6.16017
2938.37	5.58845
2939.67	5.98126
2940.98	5.21483
2942.28	5.20392
2943.58	5.44591
2944.89	5.35402
2946.19	4.71797
2947.49	4.94955
2948.8	4.60716
2950.1	4.78131
2951.4	4.47744
2952.7	4.39547
2954.01	4.42394
2955.31	3.34611
2956.61	4.04704
2957.91	3.7703
2959.21	3.9724
2960.51	3.77141
2961.81	3.8808
2963.11	3.59836
2964.41	3.52549
2965.71	3.84433
2967.01	3.6276
2968.31	3.36705
2969.61	3.07739
2970.91	3.20939
2972.21	2.99005
2973.51	3.01016
2974.81	2.73467
2976.1	2.8385
2977.4	2.82833
2978.7	2.59102
2980	2.61935
2981.29	2.56179
2982.59	2.41924
2983.89	2.06625
2985.18	2.17846
2986.48	2.44677
2987.78	2.0562
2989.07	2.11635
2990.37	1.57247
2991.66	1.4637
2992.96	1.39598
2994.25	1.8468
2995.55	1.01794
2996.84	1.35421
2998.14	1.25491
2999.43	1.29619
3000.72	1.26787
3002.02	1.36633
3003.31	1.22694
3004.6	0.723515
3005.9	1.00431
3007.19	0.626298
3008.48	0.401629
3009.77	0.483879
3011.07	0.523294
3012.36	0.590087
3013.65	0.517229
3014.94	0.612173
3016.23	0.303715
3017.52	0.567214
3018.81	0.580481
3020.1	0.552063
3021.39	0.286896
3022.68	0.340593
3023.97	0.198855
3025.26	-0.0959663
3026.55	0.0388765
3027.84	0.0908871
3029.13	-0.298486
3030.42	-0.10552
3031.71	0.323486
3033	-0.351171
3034.28	0.258388
3035.57	0.108177
3036.86	-0.057065
3038.15	0.244428
3039.43	0.116712
3040.72	0.125026
3042.01	0.338187
3043.29	0.536932
3044.58	0.16116
3045.86	0.457961
3047.15	0.346707
3048.44	0.11526
3049.72	0.432174
3051.01	0.109283
3052.29	0.537786
3053.58	0.0111351
3054.86	0.234213
3056.14	0.360576
3057.43	0.526523
3058.71	0.282658
3060	0.120441
3061.28	0.394216
3062.56	0.301476
3063.84	-0.034483
3065.13	0.460567
3066.41	0.154949
3067.69	-0.0273027
3068.97	-0.0188408
3070.25	0.315739
3071.54	0.132574
3072.82	0.600839
3074.1	0.0886774
3075.38	0.0922165
3076.66	0.149677
3077.94	0.397492
3079.22	0.130645
3080.5	0.0961227
3081.78	0.144636
3083.06	0.275853
3084.34	0.380697
3085.62	0.241326
3086.9	-0.0614872
3088.17	0.259254
3089.45	-0.140144
3090.73	-0.0650158
3092.01	0.254086
3093.29	-0.19995
3094.56	-0.233138
3095.84	-0.293181
3097.12	0.134874
3098.4	0.0205307
3099.67	-0.0126543
3100.95	0.00822067
3102.22	-0.0927649
3103.5	0.104401
3104.77	0.0448036
3106.05	0.188973
3107.33	0.0904779
3108.6	0.331388
3109.88	0.126805
3111.15	0.0314646
3112.43	-0.293427
3113.7	-0.0761409
3114.97	0.114163
3116.25	0.304057
3117.52	0.262486
3118.79	-0.146544
3120.07	-0.10918
3121.34	0.130517
3122.61	-0.037199
3123.88	0.0658932
3125.16	0.439825
3126.43	0.028892
3127.7	0.0382423
3128.97	-0.114199
3130.24	0.179968
3131.51	0.419967
3132.78	0.0380297
3134.05	0.263746
3135.33	0.191649
3136.59	0.0919747
3137.86	-0.116008
3139.14	-0.000813484
3140.41	0.194715
3141.67	0.591627
3142.94	0.195392
3144.21	0.0687838
3145.48	-0.124113
3146.75	0.112908
3148.02	0.417246
3149.28	0.346902
