200.388	0.388341
202.204	0.39932
204.019	0.411456
205.832	0.716844
207.646	0.511988
209.459	0.0395536
211.274	0.0764523
213.087	0.305999
214.899	-0.217957
216.711	0.227737
218.524	0.0916767
220.335	0.416533
222.146	-0.128524
223.956	0.512943
225.766	0.768045
227.576	0.056922
229.388	-0.484881
231.197	-0.640598
233.005	0.28913
234.813	0.254006
236.621	-0.116902
238.429	0.59963
240.236	-0.753481
242.045	0.620391
243.852	-0.14971
245.658	0.744902
247.464	0.817571
249.269	0.234962
251.074	0.807392
252.879	0.989813
254.683	0.807924
256.487	1.27667
258.291	0.830345
260.094	0.820298
261.897	0.668406
263.702	0.807983
265.504	0.202212
267.306	0.681329
269.108	0.967549
270.909	0.553753
272.71	-0.150852
274.511	0.396587
276.311	0.845474
278.111	0.52066
279.91	0.193579
281.709	0.345724
283.508	0.759822
285.306	0.210266
287.105	0.188865
288.9	0.671055
290.698	0.602381
292.495	0.176576
294.291	0.614626
296.088	0.671707
297.884	-0.130075
299.679	-0.046526
301.475	-0.154216
303.27	0.572885
305.064	0.152334
306.858	0.255787
308.652	0.144312
310.444	0.224298
312.237	-0.170523
314.03	0.199012
315.822	-0.0481548
317.615	0.8978
319.406	-0.273824
321.198	0.128253
322.987	0.126428
324.778	0.101442
326.568	-0.209845
328.358	0.457837
330.148	-0.71517
331.935	0.142179
333.724	0.136842
335.513	-0.206175
337.301	0.0461645
339.089	-0.0152187
340.875	0.327997
342.662	-0.16676
344.449	0.103458
346.236	0.159173
348.02	-0.285633
349.806	0.297044
351.592	-0.170577
353.375	-0.113644
355.16	0.180552
356.944	0.425183
358.728	-0.0232258
360.51	-0.139137
362.294	-0.208441
364.077	0.0543242
365.858	0.648372
367.64	0.81311
369.422	-0.185489
371.202	0.806596
372.983	0.825511
374.764	0.820262
376.543	1.26366
378.324	0.810764
380.102	0.972594
381.881	1.15933
383.661	1.84161
385.438	1.20855
387.216	1.44735
388.993	0.748021
390.771	0.77855
392.548	1.11557
394.324	-0.00251865
396.101	0.242057
397.875	0.886112
399.651	1.38917
401.425	1.06963
403.201	1.07812
404.974	0.709852
406.749	0.622494
408.524	0.0413408
410.296	0.351991
412.07	-0.0649319
413.841	0.832888
415.614	0.0656309
417.385	1.10624
419.156	1.16236
420.928	0.819949
422.698	0.125069
424.469	0.790812
426.238	0.938934
428.009	0.405169
429.777	0.71587
431.548	0.369327
433.315	0.398775
435.083	0.28791
436.852	0.224028
438.618	0.323592
440.387	0.397841
442.153	0.727451
443.919	0.209888
445.686	0.36989
447.451	0.902497
449.218	0.56827
450.982	0.0245018
452.746	0.0423775
454.512	-0.00942326
456.275	0.125347
458.038	0.0734367
459.803	-0.280828
461.565	0.342973
463.327	-0.031354
465.091	0.410966
466.852	-0.165359
468.613	0.493553
470.374	0.341741
472.136	-0.321202
473.896	-0.00790691
475.655	0.350047
477.415	0.169538
479.176	0.685371
480.934	0.594145
482.692	0.68942
484.45	0.180702
486.21	0.28012
487.967	0.429113
489.724	1.0709
491.481	0.898202
493.237	0.726203
494.995	1.23244
496.75	0.639372
498.506	0.37286
500.26	0.691553
502.015	0.376266
503.769	0.599551
505.525	0.516116
507.279	0.454271
509.032	0.0374823
510.785	0.983094
512.537	0.279618
514.289	0.915352
516.041	0.0669727
517.793	0.863684
519.546	0.224463
521.297	1.629
523.047	0.753489
524.797	0.794002
526.547	1.37401
528.297	0.476329
530.046	0.915243
531.795	0.580251
533.543	0.221204
535.291	0.820138
537.039	0.691743
538.787	0.795155
540.534	0.52358
542.281	0.484467
544.027	0.910219
545.773	1.07929
547.519	0.227007
549.264	0.698462
551.01	-0.197071
552.754	0.459433
554.499	-0.340942
556.243	0.545784
557.987	0.393539
559.73	-0.103335
561.474	-0.253294
563.216	0.494829
564.959	0.16232
566.701	0.152715
568.441	-0.360886
570.182	0.366559
571.923	0.0399952
573.664	-0.444851
575.405	0.104898
577.145	-0.0313396
578.885	0.178438
580.624	1.00959
582.361	-0.180361
584.1	-0.0157185
585.839	0.0097847
587.577	0.0566969
589.315	0.585184
591.052	0.00810623
592.787	0.235574
594.524	0.899949
596.26	-0.276183
597.997	-0.370999
599.732	-0.19016
601.466	0.357685
603.201	-0.039237
604.936	0.38982
606.67	-0.286196
608.403	-0.0439548
610.136	-0.490754
611.87	-0.225392
613.603	0.315845
615.334	0.101235
617.067	0.345278
618.799	0.382387
620.529	0.0518284
622.26	0.337675
623.991	0.279057
625.72	-0.236407
627.451	-0.818419
629.181	0.199986
630.909	0.353861
632.638	0.305118
634.368	-0.175787
636.095	-0.0636568
637.823	0.183331
639.551	0.49523
641.277	0.574823
643.005	0.514208
644.73	0.816239
646.457	0.708548
648.184	0.307988
649.908	0.207366
651.634	1.06611
653.357	0.407683
655.083	-0.406213
656.806	0.147593
658.53	0.202418
660.253	0.393793
661.977	-0.329954
663.7	0.153494
665.422	0.611453
667.145	0.472546
668.865	0.49258
670.588	0.490526
672.308	-0.0811043
674.027	-0.077733
675.749	0.295148
677.468	1.15224
679.188	1.06974
680.907	0.204161
682.627	0.715193
684.345	0.717608
686.064	0.510049
687.781	0.185081
689.498	-0.0723171
691.216	0.199107
692.932	-0.290412
694.65	0.462932
696.366	1.19174
698.081	0.744491
699.797	0.456937
701.512	0.88108
703.228	0.935661
704.942	1.12701
706.655	0.30752
708.371	0.428948
710.083	0.183065
711.796	0.372105
713.51	0.171523
715.222	0.702339
716.934	0.158997
718.645	0.80295
720.358	0.283578
722.068	1.42772
723.779	-0.046628
725.49	0.391001
727.2	0.782088
728.909	1.03576
730.618	0.834913
732.329	0.724513
734.037	0.998705
735.745	0.549096
737.453	0.394367
739.16	0.534057
740.869	1.10302
742.576	1.26726
744.282	0.780228
745.988	1.06065
747.694	1.88266
749.401	0.929188
751.107	1.2147
752.811	0.647205
754.516	1.07122
756.22	1.29486
757.924	0.912827
759.627	0.870225
761.332	0.80652
763.035	1.39776
764.738	0.815441
766.44	0.615012
768.142	0.70594
769.843	1.40468
771.544	1.24162
773.245	1.03139
774.946	0.978787
776.646	0.949423
778.346	1.26084
780.046	0.941088
781.745	1.27872
783.444	1.36789
785.143	2.04427
786.841	2.28758
788.539	1.37227
790.237	1.87837
791.934	1.86021
793.631	0.620448
795.328	1.30008
797.024	1.97955
798.72	0.925961
800.416	1.49667
802.112	1.66373
803.807	1.26937
805.502	1.66197
807.196	0.817332
808.89	1.54407
810.584	1.63996
812.278	1.77929
813.971	2.07443
815.664	1.62993
817.354	1.14138
819.047	1.90527
820.739	1.64087
822.43	2.09139
824.122	1.85107
825.813	1.72434
827.503	1.7787
829.192	1.61398
830.882	1.87642
832.571	1.60812
834.261	1.16411
835.95	2.05922
837.637	1.30372
839.325	1.97496
841.013	1.66182
842.701	1.5254
844.389	1.23177
846.074	2.12343
847.761	1.83291
849.447	1.38873
851.131	1.23829
852.817	1.87461
854.503	1.50387
856.188	1.62633
857.871	1.25296
859.556	1.57432
861.24	0.385128
862.922	0.882092
864.606	1.35529
866.289	0.181888
867.97	0.765843
869.653	1.6652
871.336	0.917765
873.016	0.417979
874.698	0.45946
876.379	1.01998
878.058	1.7838
879.739	1.03531
881.418	0.895696
883.098	1.29696
884.778	0.568069
886.456	1.12407
888.135	1.00085
889.812	1.21392
891.49	1.13176
893.167	1.13803
894.845	0.962676
896.523	0.808687
898.198	1.26005
899.875	0.968879
901.55	0.699732
903.226	1.21367
904.901	1.27906
906.576	0.719531
908.25	0.853295
909.925	0.698333
911.598	0.478128
913.271	0.259248
914.945	0.840581
916.617	0.821952
918.291	0.426473
919.962	0.607563
921.635	1.23142
923.306	0.242051
924.978	0.471067
926.648	1.05543
928.318	0.449655
929.989	1.36844
931.659	0.677188
933.328	1.75133
934.998	1.03877
936.666	0.326901
938.336	0.98355
940.004	0.605171
941.671	1.61805
943.34	1.30846
945.007	0.998567
946.673	1.28311
948.339	0.616075
950.007	1.11636
951.672	1.23964
953.337	1.18636
955.004	0.738171
956.669	0.646402
958.333	1.37496
959.997	1.18101
961.662	1.82832
963.326	1.41551
964.989	1.28745
966.651	0.713203
968.315	0.666052
969.977	1.14704
971.639	0.786086
973.301	0.160391
974.962	0.28847
976.624	0.927522
978.285	0.706079
979.945	0.861626
981.605	1.0168
983.264	1.98936
984.924	1.16618
986.583	1.55764
988.243	1.17196
989.901	1.62517
991.56	1.1266
993.217	1.57809
994.875	0.550145
996.532	1.08993
998.188	1.09988
999.845	2.10112
1001.5	1.99944
1003.16	1.65518
1004.81	1.24494
1006.47	0.329642
1008.12	-0.0352087
1009.78	0.281113
1011.43	0.44405
1013.09	0.366286
1014.74	0.508162
1016.39	0.84741
1018.05	0.771238
1019.7	0.56496
1021.35	1.21288
1023	0.637879
1024.65	0.720032
1026.31	1.06519
1027.96	1.34478
1029.61	1.49237
1031.26	0.830126
1032.91	1.14857
1034.56	1.31167
1036.21	1.69062
1037.86	1.45778
1039.51	1.15981
1041.16	1.58095
1042.8	0.69907
1044.45	1.36309
1046.1	1.11703
1047.75	1.28633
1049.39	1.34932
1051.04	0.675608
1052.69	1.32799
1054.33	0.829525
1055.98	0.613391
1057.62	0.353311
1059.27	0.527344
1060.91	0.591845
1062.56	0.829268
1064.2	1.33514e-005
1065.85	0.887025
1067.49	0.0551939
1069.13	0.395806
1070.77	0.105464
1072.42	0.444654
1074.06	-0.0620737
1075.7	0.0402021
1077.34	0.382668
1078.98	0.423101
1080.62	0.638057
1082.27	-0.0360174
1083.91	0.264592
1085.55	0.216187
1087.18	-0.22485
1088.82	0.631145
1090.46	-0.11758
1092.1	0.127785
1093.74	0.177588
1095.38	0.723737
1097.02	0.450784
1098.65	0.287755
1100.29	0.320991
1101.93	0.722514
1103.56	0.351737
1105.2	0.563644
1106.84	0.260133
1108.47	0.0853653
1110.11	0.0812778
1111.74	0.891879
1113.38	0.518017
1115.01	-0.179152
1116.64	0.4324
1118.28	0.121368
1119.91	-0.445501
1121.54	0.509844
1123.18	0.481122
1124.81	0.582132
1126.44	-0.427989
1128.07	1.32199
1129.7	-0.0493355
1131.33	0.825247
1132.97	0.28918
1134.6	-0.311076
1136.23	0.541348
1137.86	-0.167774
1139.49	-0.130445
1141.11	-0.0944767
1142.74	-0.0379124
1144.37	0.402617
1146	0.502523
1147.63	0.0921659
1149.26	-0.167647
1150.88	-0.533167
1152.51	0.0172005
1154.14	0.0984831
1155.76	0.413283
1157.39	0.408537
1159.01	0.127737
1160.64	0.0182991
1162.27	0.0591822
1163.89	0.0588751
1165.51	0.314416
1167.14	-0.259557
1168.76	0.483299
1170.39	0.60725
1172.01	0.154835
1173.63	-0.0447235
1175.25	-0.330549
1176.88	-0.171485
1178.5	0.135818
1180.12	-0.0433064
1181.74	0.561666
1183.36	-0.228517
1184.98	-0.447199
1186.6	-0.181091
1188.22	-0.276155
1189.84	0.237645
1191.46	0.137207
1193.08	0.392385
1194.7	-0.194149
1196.32	0.164415
1197.94	0.397548
1199.55	0.276847
1201.17	0.0968637
1202.79	0.505342
1204.41	0.165575
1206.02	0.663536
1207.64	0.579042
1209.25	0.307275
1210.87	0.180554
1212.48	0.0933762
1214.1	-0.184188
1215.71	0.660066
1217.33	0.0649796
1218.94	0.591809
1220.56	-0.107478
1222.17	-0.472682
1223.79	-0.110426
1225.4	0.398132
1227.01	0.618354
1228.62	1.23324
1230.23	1.00169
1231.85	0.441218
1233.46	0.378614
1235.07	0.834369
1236.68	0.671725
1238.29	0.820538
1239.9	0.846294
1241.51	0.975771
1243.12	0.835929
1244.73	1.6882
1246.34	1.52524
1247.94	1.60912
1249.55	0.284938
1251.16	1.36036
1252.77	0.843049
1254.37	0.761128
1255.98	0.453131
1257.59	0.850081
1259.2	0.731463
1260.8	0.883092
1262.41	1.22187
1264.01	1.27096
1265.62	0.324857
1267.22	1.53296
1268.83	0.91586
1270.43	0.421573
1272.03	0.75521
1273.64	0.714237
1275.24	0.547561
1276.85	0.276097
1278.45	1.03946
1280.05	0.890294
1281.65	0.637325
1283.25	0.819141
1284.85	0.877425
1286.46	0.358014
1288.06	1.49371
1289.66	0.915071
1291.26	0.399277
1292.86	0.751286
1294.46	0.668423
1296.06	1.74044
1297.66	1.21985
1299.25	1.35768
1300.85	1.61689
1302.45	0.905756
1304.05	1.01773
1305.65	1.02569
1307.24	1.15614
1308.84	0.896062
1310.43	1.55876
1312.03	1.17645
1313.63	1.06179
1315.22	1.01001
1316.82	1.10253
1318.41	0.767267
1320.01	1.61482
1321.6	1.07465
1323.2	0.818259
1324.79	1.33249
1326.38	1.68107
1327.98	1.37912
1329.57	0.87614
1331.16	1.24615
1332.76	0.769767
1334.35	1.48849
1335.94	1.30054
1337.53	1.79938
1339.12	1.36958
1340.71	1.05892
1342.3	1.16847
1343.89	0.832783
1345.48	0.998236
1347.07	0.922662
1348.66	1.25013
1350.25	1.92061
1351.84	0.633712
1353.43	0.570518
1355.01	0.549141
1356.6	0.388449
1358.19	0.566913
1359.77	0.164909
1361.36	0.859591
1362.95	0.235806
1364.53	0.768532
1366.12	1.26107
1367.71	0.957587
1369.29	0.675946
1370.88	0.675012
1372.46	0.536678
1374.04	0.559077
1375.63	1.29875
1377.21	0.566117
1378.8	1.38494
1380.38	0.709985
1381.96	0.749605
1383.54	0.707864
1385.13	0.306973
1386.71	0.879301
1388.29	1.39168
1389.87	0.356251
1391.45	0.910232
1393.03	1.12776
1394.61	1.06808
1396.19	0.512485
1397.77	0.669881
1399.35	1.30136
1400.93	0.702971
1402.51	0.658598
1404.09	0.950516
1405.67	0.234358
1407.24	0.666378
1408.82	1.27707
1410.4	0.84124
1411.98	0.662352
1413.55	0.739414
1415.13	0.755978
1416.71	1.34324
1418.28	1.04232
1419.86	0.545147
1421.43	0.916241
1423.01	1.28922
1424.58	0.699959
1426.16	1.33283
1427.73	1.25795
1429.31	1.67481
1430.88	0.358381
1432.45	1.2447
1434.02	1.36199
1435.6	1.20321
1437.17	2.14578
1438.74	1.67364
1440.31	1.89099
1441.88	2.05075
1443.45	2.07399
1445.03	1.96023
1446.6	1.63052
1448.17	2.22485
1449.74	1.40423
1451.3	1.92108
1452.87	1.77023
1454.44	1.93462
1456.01	2.45323
1457.58	2.93179
1459.15	2.56229
1460.72	2.387
1462.28	1.85485
1463.85	1.63531
1465.42	1.5716
1466.98	1.03594
1468.55	0.952888
1470.12	1.36172
1471.68	1.32061
1473.25	1.35949
1474.81	1.32105
1476.38	1.28324
1477.94	1.08876
1479.51	0.580612
1481.07	0.484047
1482.63	1.50441
1484.2	0.956779
1485.76	0.291319
1487.32	1.17238
1488.88	1.26793
1490.45	1.10639
1492.01	0.863754
1493.57	1.28257
1495.13	1.09304
1496.69	0.960815
1498.25	0.205801
1499.81	0.813888
1501.37	0.76196
1502.93	0.886342
1504.49	0.411135
1506.05	0.692151
1507.61	0.488333
1509.17	0.766484
1510.73	1.15815
1512.28	0.333437
1513.84	0.280136
1515.4	-0.176485
1516.96	-0.208841
1518.51	0.124253
1520.07	0.304186
1521.63	0.866751
1523.18	0.663092
1524.74	0.134234
1526.29	0.596834
1527.85	0.352341
1529.4	0.29789
1530.96	0.319451
1532.51	0.569166
1534.06	0.876244
1535.62	0.0869417
1537.17	0.169875
1538.72	0.366828
1540.28	0.262227
1541.83	0.252169
1543.38	-0.0403223
1544.93	0.645201
1546.48	1.21634
1548.03	0.416326
1549.59	-0.269633
1551.14	0.525311
1552.69	0.720727
1554.24	0.412428
1555.79	1.32047
1557.34	0.979222
1558.88	1.16351
1560.43	0.156479
1561.98	0.215153
1563.53	0.648485
1565.08	0.485653
1566.62	0.565532
1568.17	0.49582
1569.72	0.238929
1571.27	0.933482
1572.81	1.36634
1574.36	0.678958
1575.9	0.980966
1577.45	0.797886
1579	1.06342
1580.54	0.975086
1582.09	0.738393
1583.63	1.11922
1585.17	1.2584
1586.72	0.725341
1588.26	0.60354
1589.8	0.855612
1591.35	0.48958
1592.89	1.07761
1594.43	0.84145
1595.97	0.567712
1597.52	1.06276
1599.06	1.01534
1600.6	0.85631
1602.14	1.65495
1603.68	0.970969
1605.22	1.13083
1606.76	1.32655
1608.3	1.48206
1609.84	1.55914
1611.38	0.712212
1612.92	0.520531
1614.46	1.56598
1615.99	0.583769
1617.53	0.80302
1619.07	1.28586
1620.61	1.07744
1622.14	0.908515
1623.68	0.79699
1625.22	0.760461
1626.75	1.09725
1628.29	1.28242
1629.82	0.736168
1631.36	1.59073
1632.9	0.874691
1634.43	1.24258
1635.96	0.771558
1637.5	0.917676
1639.03	0.952708
1640.57	1.37918
1642.1	0.891653
1643.63	1.38996
1645.16	0.936958
1646.7	1.04115
1648.23	1.73931
1649.76	1.84277
1651.29	1.70624
1652.82	1.3305
1654.36	1.88373
1655.89	1.52933
1657.42	1.65686
1658.95	1.02385
1660.48	1.55591
1662.01	1.43779
1663.53	1.28121
1665.06	1.3826
1666.59	1.28127
1668.12	1.66108
1669.65	1.41581
1671.18	1.37558
1672.7	1.46588
1674.23	0.76499
1675.76	1.48179
1677.29	1.64493
1678.81	1.2177
1680.34	1.34098
1681.86	0.58102
1683.39	0.68459
1684.91	0.622928
1686.44	0.543466
1687.96	0.757956
1689.49	0.807886
1691.01	0.894737
1692.54	0.816909
1694.06	1.03174
1695.58	0.405128
1697.11	0.856894
1698.63	0.741552
1700.15	0.589246
1701.67	0.0716391
1703.2	0.100729
1704.72	0.0197506
1706.24	0.447729
1707.76	0.0746756
1709.28	0.646638
1710.8	0.782165
1712.32	-0.242818
1713.84	0.219804
1715.36	0.0843496
1716.88	0.202252
1718.4	-0.0778284
1719.91	-0.122792
1721.43	-0.0411863
1722.95	0.0951233
1724.47	0.196544
1725.99	0.623751
1727.5	0.188442
1729.02	0.1687
1730.54	0.309918
1732.05	0.499909
1733.57	-0.493007
1735.09	0.0865812
1736.6	0.0444174
1738.12	0.117409
1739.63	-0.520473
1741.15	0.376541
1742.66	-0.0337229
1744.18	0.501209
1745.69	0.763754
1747.2	-0.229593
1748.72	0.0749578
1750.23	-0.423686
1751.74	-0.526824
1753.25	-0.288192
1754.77	0.0318222
1756.28	0.172216
1757.79	0.313932
1759.3	0.0654097
1760.81	0.398896
1762.32	0.40701
1763.83	-0.0692759
1765.34	0.0240307
1766.85	-0.0631409
1768.36	-0.0284863
1769.87	0.424258
1771.38	0.209427
1772.89	-0.0591803
1774.4	0.111015
1775.91	0.146576
1777.41	0.0236874
1778.92	-0.153557
1780.43	0.386482
1781.94	0.154893
1783.44	-0.0388184
1784.95	0.470419
1786.45	-0.0239334
1787.96	0.121217
1789.47	-0.0414457
1790.97	0.278222
1792.47	0.10568
1793.98	-0.0887022
1795.48	0.131646
1796.99	-0.00599384
1798.49	0.503643
1800	0.28194
1801.5	0.335485
1803	-0.0580492
1804.51	0.0400448
1806.01	0.177331
1807.51	0.0799112
1809.01	0.00281048
1810.51	0.211683
1812.02	0.406013
1813.52	0.43522
1815.02	0.404046
1816.52	0.259399
1818.02	0.386602
1819.52	0.324283
1821.02	-0.214856
1822.52	0.401453
1824.02	0.202681
1825.51	0.159847
1827.01	-0.084547
1828.51	-0.202313
1830.01	-0.383179
1831.51	-0.295021
1833	-0.141135
1834.5	0.195769
1836	0.232311
1837.49	0.313902
1838.99	0.160691
1840.49	-0.343074
1841.98	0.058773
1843.48	0.022644
1844.97	0.474586
1846.47	0.844202
1847.96	0.295208
1849.46	0.17365
1850.95	0.100879
1852.45	0.0640774
1853.94	0.388234
1855.43	-0.0272579
1856.92	-0.0445156
1858.42	0.166279
1859.91	-0.39721
1861.4	0.0481873
1862.89	0.297615
1864.39	0.253572
1865.88	-0.33236
1867.37	-0.0281181
1868.86	0.136393
1870.35	0.280749
1871.84	0.331432
1873.33	-0.0136719
1874.82	0.01688
1876.31	-0.297793
1877.8	0.487984
1879.29	0.0956564
1880.77	-0.356936
1882.26	-0.111497
1882.52	-0.0423117
1884.02	0.0248299
1885.51	0.31741
1887.01	0.103444
1888.5	0.289385
1889.99	0.492788
1891.49	0.0365028
1892.98	0.643242
1894.47	0.19182
1895.96	-0.240157
1897.46	-0.0276899
1898.95	0.289095
1900.44	0.274059
1901.93	0.152452
1903.42	0.376324
1904.91	0.389459
1906.4	0.123504
1907.89	0.257179
1909.38	-0.0250301
1910.87	-0.114905
1912.36	0.00462246
1913.85	0.593132
1915.34	-0.309727
1916.83	-0.103105
1918.32	0.0507107
1919.8	0.203837
1921.29	-0.197527
1922.78	0.406206
1924.27	-0.322206
1925.75	0.214772
1927.24	0.528129
1928.73	0.444209
1930.21	0.464124
1931.7	0.205865
1933.18	0.794115
1934.67	0.167934
1936.15	0.94138
1937.64	0.190719
1939.12	0.528945
1940.61	0.107374
1942.09	0.325983
1943.57	0.114557
1945.06	0.766669
1946.54	0.229405
1948.02	0.191936
1949.51	0.101814
1950.99	0.010438
1952.47	0.00396538
1953.95	0.357833
1955.43	0.195601
1956.91	0.343219
1958.39	-0.160596
1959.87	-0.182591
1961.36	0.80782
1962.84	0.0836897
1964.32	0.422147
1965.79	-0.644605
1967.27	0.137302
1968.75	-0.0575495
1970.23	0.0547342
1971.71	0.320226
1973.19	0.278039
1974.66	0.0143099
1976.14	0.58634
1977.62	0.442465
1979.1	0.0946722
1980.57	0.512739
1982.05	0.505041
1983.53	-0.0805826
1985	0.454449
1986.48	0.0555
1987.95	0.48754
1989.43	0.191198
1990.9	-0.0699825
1992.38	0.110147
1993.85	0.139297
1995.33	-0.641634
1996.8	0.251004
1998.27	0.41683
1999.75	0.0923662
2001.22	0.10484
2002.69	-0.254422
2004.16	-0.0909166
2005.64	0.342467
2007.11	0.641755
2008.58	0.0497112
2010.05	0.18303
2011.52	0.115024
2012.99	0.131261
2014.46	0.618122
2015.93	0.397085
2017.4	0.477669
2018.87	0.0190983
2020.34	-0.338951
2021.81	0.0756664
2023.28	0.725295
2024.75	0.486208
2026.22	0.248907
2027.69	-0.0534391
2029.15	0.468083
2030.62	0.387629
2032.09	0.476285
2033.56	0.179549
2035.02	0.419987
2036.49	0.273681
2037.95	-0.0246534
2039.42	0.600719
2040.89	-0.0513067
2042.35	0.322554
2043.82	0.344429
2045.28	0.40121
2046.75	0.829466
2048.21	-0.0889883
2049.67	0.558562
2051.14	-0.0423803
2052.6	-0.173532
2054.06	0.350649
2055.53	0.686893
2056.99	0.785053
2058.45	0.730356
2059.92	0.995495
2061.38	1.0253
2062.84	0.601769
2064.3	0.348127
2065.76	0.53346
2067.22	-0.256147
2068.68	0.755821
2070.14	0.808973
2071.6	0.373995
2073.06	0.275465
2074.52	0.967994
2075.98	0.818147
2077.44	0.246766
2078.9	0.718925
2080.36	0.281116
2081.82	0.0783615
2083.27	0.480764
2084.73	0.545398
2086.19	0.272541
2087.65	0.200842
2089.1	0.649625
2090.56	0.442585
2092.01	0.0174036
2093.47	0.213383
2094.93	0.660361
2096.38	0.486016
2097.84	0.277491
2099.29	0.336194
2100.75	0.461263
2102.2	0.703394
2103.66	0.328481
2105.11	0.406367
2106.56	-0.0144405
2108.02	-0.0166283
2109.47	0.531899
2110.92	0.779348
2112.37	0.574904
2113.83	0.335047
2115.28	0.64247
2116.73	0.432783
2118.18	0.855054
2119.63	0.797171
2121.09	0.410218
2122.54	0.507128
2123.99	0.556215
2125.44	0.407197
2126.89	0.0920649
2128.34	0.753726
2129.79	0.733748
2131.23	0.463591
2132.68	0.0767794
2134.13	0.815283
2135.58	0.876144
2137.03	0.839788
2138.48	0.425873
2139.92	0.609469
2141.37	0.844893
2142.82	0.900169
2144.26	0.311192
2145.71	0.781123
2147.16	0.0589371
2148.6	0.759801
2150.05	1.112
2151.49	0.568253
2152.94	-0.473975
2154.38	0.702991
2155.83	1.06739
2157.27	0.355079
2158.72	0.852998
2160.16	1.05453
2161.6	0.744807
2163.05	1.46522
2164.49	0.678866
2165.93	0.805683
2167.38	0.949184
2168.82	0.742364
2170.26	0.982032
2171.7	0.636782
2173.14	0.921054
2174.58	0.338509
2176.03	0.287564
2177.47	1.1015
2178.91	1.20135
2180.35	1.13627
2181.79	1.17214
2183.23	0.660034
2184.67	0.863338
2186.1	0.218389
2187.54	1.10403
2188.98	1.07472
2190.42	0.312981
2191.86	0.616121
2193.3	0.868416
2194.73	0.785968
2196.17	0.967448
2197.61	0.563793
2199.05	1.18918
2200.48	0.566172
2201.92	0.890204
2203.35	0.882827
2204.79	-0.0018549
2206.22	0.640434
2207.66	0.885269
2209.09	0.831588
2210.53	0.677595
2211.96	0.704382
2213.4	0.845815
2214.83	0.47484
2216.27	0.715891
2217.7	0.628235
2219.13	0.624771
2220.56	0.210324
2222	-0.0059309
2223.43	0.716122
2224.86	0.579416
2226.29	1.14811
2227.72	0.316173
2229.16	0.650152
2230.59	0.490199
2232.02	0.641654
2233.45	0.907712
2234.88	0.798162
2236.31	0.429035
2237.74	0.58503
2239.17	0.514955
2240.6	0.463958
2242.03	0.301233
2243.45	-0.0066185
2244.88	0.566783
2246.31	0.356394
2247.74	0.665812
2249.17	0.874291
2250.59	0.655886
2252.02	0.614445
2253.45	0.81584
2254.87	0.757308
2256.3	-0.256971
2257.73	0.680182
2259.15	0.452522
2260.58	-0.0145607
2262	0.0893984
2263.43	0.325493
2264.85	0.155994
2266.28	0.538677
2267.7	0.383834
2269.13	-0.114141
2270.55	-0.0925589
2271.97	0.286601
2273.4	0.453971
2274.82	0.65411
2276.24	0.235452
2277.66	0.338361
2279.09	0.376205
2280.51	0.23462
2281.93	0.239587
2283.35	0.326013
2284.77	0.151438
2286.19	0.189261
2287.61	0.341887
2289.04	0.348211
2290.46	0.208018
2291.88	0.672932
2293.29	-0.0227442
2294.71	0.115381
2296.13	0.400837
2297.55	0.277072
2298.97	0.480918
2300.39	0.29185
2301.81	-0.0609941
2303.23	0.160395
2304.64	0.464303
2306.06	0.522078
2307.48	0.513713
2308.89	0.110079
2310.31	-0.245311
2311.73	0.0729561
2313.14	0.0458326
2314.56	0.00276375
2315.97	0.421696
2317.39	0.479628
2318.8	0.208548
2320.22	0.448158
2321.63	0.323489
2323.05	0.278723
2324.46	0.0987959
2325.88	0.344889
2327.29	0.258707
2328.7	1.19337
2330.12	0.727188
2331.53	0.0157614
2332.94	0.0963573
2334.35	0.194505
2335.76	0.0297318
2337.18	0.357833
2338.59	0.0761194
2340	0.00673962
2341.41	-0.0145578
2342.82	0.242477
2344.23	0.384322
2345.64	0.329686
2347.05	0.111715
2348.46	0.237804
2349.87	0.641306
2351.28	0.520082
2352.69	0.0873709
2354.1	-0.101063
2355.5	0.215253
2356.91	0.0582561
2358.32	0.308167
2359.73	0.184023
2361.14	0.41733
2362.54	0.131307
2363.95	-0.300015
2365.36	0.0784302
2366.76	0.00380421
2368.17	0.10772
2369.58	-0.190455
2370.98	-0.518661
2372.39	-0.264782
2373.79	0.0706596
2375.2	0.277563
2376.6	0.387248
2378	0.0611906
2379.41	0.1352
2380.81	1.05762
2382.22	0.869684
2383.62	1.14535
2385.02	1.30801
2386.42	1.1114
2387.83	0.597347
2389.23	0.14181
2390.63	0.357885
2392.03	0.511567
2393.43	-0.0336399
2394.84	0.170308
2396.24	-0.276777
2397.64	0.02425
2399.04	-0.468574
2400.44	0.135592
2401.84	0.279352
2403.24	0.105506
2404.64	0.201159
2406.04	0.311478
2407.44	0.261777
2408.83	0.4648
2410.23	0.207471
2411.63	-0.318624
2413.03	0.423735
2414.43	0.518221
2415.83	0.42475
2417.22	0.285623
2418.62	-0.0581274
2420.02	-0.100597
2421.41	-0.159078
2422.81	0.193877
2424.21	0.46732
2425.6	-0.146477
2427	0.460608
2428.39	0.197217
2429.79	0.347297
2431.18	0.260448
2432.58	0.348351
2433.97	0.118007
2435.36	0.187828
2436.76	0.700566
2438.15	0.528025
2439.54	-0.0116234
2440.94	0.0670958
2442.33	0.335529
2443.72	-0.0154848
2445.11	-0.223694
2446.51	-0.130694
2447.9	-0.18058
2449.29	0.102203
2450.68	0.543379
2452.07	0.082777
2453.46	0.351381
2454.85	0.288815
2456.24	-0.0258808
2457.63	0.166073
2459.02	-0.16415
2460.41	0.327302
2461.8	0.26409
2463.19	-0.100464
2464.58	0.103245
2465.97	0.337963
2467.36	0.39871
2468.75	-0.345363
2470.13	0.18843
2471.52	0.263964
2472.91	0.102193
2474.29	-0.0131693
2475.68	-0.129228
2477.07	0.131618
2478.45	-0.236206
2479.84	0.856127
2481.22	0.520134
2482.61	0.106232
2484	-0.291963
2485.38	0.122668
2486.77	0.269355
2488.15	-0.225558
2489.54	0.526509
2490.92	-0.139882
2492.3	0.470753
2493.69	-0.160744
2495.07	-0.0755978
2496.45	-0.0509272
2497.84	-0.381397
2499.22	0.310516
2500.6	-0.267297
2501.98	-0.24251
2503.36	-0.141825
2504.74	0.589894
2506.13	0.256048
2507.51	0.0765114
2508.89	-0.0563316
2510.27	0.456685
2511.65	-0.273171
2513.03	0.026372
2514.41	-0.454566
2515.79	0.306108
2517.17	-0.0956812
2518.55	0.099966
2519.93	0.387338
2521.3	0.246413
2522.68	0.211609
2524.06	0.663795
2525.44	0.413246
2526.82	0.223644
2528.19	0.187053
2529.57	-0.0152626
2530.95	0.164724
2532.32	-0.0633907
2533.7	-0.456727
2535.08	-0.180605
2536.45	0.65757
2537.83	0.461744
2539.2	0.355789
2540.58	0.203211
2541.95	-0.0256414
2543.33	-0.405698
2544.7	-0.0866776
2546.08	0.415895
2547.45	-0.187174
2548.82	-0.258253
2550.2	-0.268564
2551.57	0.373087
2552.94	-0.079114
2554.32	0.25645
2555.69	0.423805
2557.06	0.33247
2558.43	-0.0774164
2559.8	-0.198697
2561.17	0.287034
2562.55	0.046072
2563.92	0.336331
2565.29	0.157401
2566.66	0.448599
2568.03	-0.123894
2569.4	0.0613804
2570.77	0.140577
2572.14	0.310796
2573.51	0.359883
2574.88	0.302999
2576.24	0.412929
2577.61	0.0982389
2578.98	0.617183
2580.35	0.0590897
2581.72	0.379904
2583.09	0.336306
2584.45	0.565269
2585.82	-0.0850506
2587.19	0.0227585
2588.55	0.312677
2589.92	-0.200479
2591.28	0.165185
2592.65	0.166523
2594.02	-0.0604429
2595.38	-0.000905991
2596.75	-0.260639
2598.11	-0.294221
2599.48	-0.46432
2600.84	0.589831
2602.2	0.661891
2603.57	0.115917
2604.93	0.159657
2606.3	0.188556
2607.66	0.217003
2609.02	-0.0420551
2610.38	-0.453037
2611.75	-0.413626
2613.11	0.361018
2614.47	0.26189
2615.83	-0.137501
2617.19	0.0788317
2618.56	0.415381
2619.92	0.0940104
2621.28	0.716147
2622.64	0.501384
2624	0.0184689
2625.36	-0.0609665
2626.72	-0.259916
2628.08	0.181739
2629.44	0.562765
2630.8	0.318048
2632.15	-0.0304804
2633.51	-0.00715733
2634.87	0.0457821
2636.23	0.0392799
2637.59	-0.219124
2638.94	0.144812
2640.3	0.0201788
2641.66	0.0291405
2643.02	0.127107
2644.37	-0.55725
2645.73	-0.0162945
2647.08	0.272754
2648.44	0.398395
2649.8	0.00765228
2651.15	0.322401
2652.51	0.166144
2653.86	0.303928
2655.22	0.281241
2656.57	-0.501495
2657.92	0.562562
2659.28	-0.0849266
2660.63	0.0876055
2661.99	0.0844154
2663.34	0.51862
2664.69	0.265153
2666.04	-0.120242
2667.4	0.223011
2668.75	-0.264416
2670.1	-0.67795
2671.45	0.37829
2672.81	0.387801
2674.16	0.252948
2675.51	0.525444
2676.86	0.783978
2678.21	-0.291055
2679.56	0.143617
2680.91	-0.0293818
2682.26	0.132689
2683.61	0.368897
2684.96	0.301922
2686.31	0.0324192
2687.66	0.256036
2689	0.0571852
2690.35	-0.100372
2691.7	0.146119
2693.05	0.114771
2694.4	0.415668
2695.74	-0.283985
2697.09	-0.0840197
2698.44	0.305737
2699.79	0.161869
2701.13	0.715432
2702.48	0.213912
2703.82	-0.214069
2705.17	0.764526
2706.52	0.0906229
2707.86	0.0397177
2709.21	0.162455
2710.55	0.27026
2711.9	0.537571
2713.24	-0.0524712
2714.58	0.214648
2715.93	0.176502
2717.27	0.312692
2718.61	0.33223
2719.96	0.118478
2721.3	0.0932465
2722.64	0.474905
2723.99	0.37565
2725.33	0.217582
2726.67	-0.159304
2728.01	0.671416
2729.35	0.657627
2730.7	0.556342
2732.04	-0.112349
2733.38	0.150244
2734.72	0.44211
2736.06	0.196068
2737.4	0.357467
2738.74	0.489744
2740.08	0.14179
2741.42	0.476672
2742.76	-0.425082
2744.09	-0.00477314
2745.43	-0.123071
2746.77	0.266427
2748.11	-0.186535
2749.45	0.246005
2750.79	-0.133719
2752.12	-0.0198879
2753.46	0.10867
2754.8	0.179424
2756.13	-0.155218
2757.47	-0.243297
2758.81	-0.157277
2760.14	0.291038
2761.48	-0.0994577
2762.81	0.277661
2764.15	0.0764008
2765.49	-0.0814428
2766.82	0.0784264
2768.15	0.208109
2769.49	0.205879
2770.82	0.172803
2772.16	-0.179747
2773.49	0.116215
2774.82	-0.381956
2776.16	-0.0726957
2777.49	-0.0657072
2778.82	-0.201807
2780.16	0.237782
2781.49	0.404351
2782.82	-0.161069
2784.15	0.263755
2785.48	-0.243589
2786.81	-0.162791
2788.15	-0.0098629
2789.48	0.258396
2790.81	-0.273281
2792.14	0.497539
2793.47	0.0964193
2794.8	-0.104372
2796.13	0.0517092
2797.46	0.492658
2798.79	0.075839
2800.12	-0.0129423
2801.44	0.0977192
2802.77	-0.17695
2804.1	0.332113
2805.43	0.199118
2806.76	0.293211
2808.08	0.201426
2809.41	0.00973701
2810.74	-0.735454
2812.07	0.323446
2813.39	0.333011
2814.72	-0.0524426
2816.05	0.343833
2817.37	0.217094
2818.7	0.091157
2820.02	0.16367
2821.35	-0.175416
2822.67	-0.246048
2824	-0.00575352
2825.32	0.035676
2826.65	-0.163589
2827.97	0.317495
2829.29	0.55853
2830.62	-0.431402
2831.94	0.843904
2833.26	0.250593
2834.59	0.237245
2835.91	0.308174
2837.23	0.661365
2838.55	0.759192
2839.88	1.11124
2841.2	1.32187
2842.52	0.995855
2843.84	0.98175
2845.16	1.44912
2846.48	1.50747
2847.8	1.1706
2849.12	1.75243
2850.44	2.02295
2851.76	1.7557
2853.08	1.74218
2854.4	2.10968
2855.72	1.74213
2857.04	2.194
2858.36	1.86898
2859.68	2.19365
2861	2.47564
2862.32	2.31945
2863.63	3.03789
2864.95	2.71145
2866.27	3.04815
2867.58	3.15938
2868.9	3.66598
2870.22	3.66547
2871.53	3.62291
2872.85	3.14309
2874.17	3.83193
2875.48	3.4625
2876.8	3.71133
2878.11	3.10044
2879.43	4.12118
2880.74	3.63728
2882.06	3.25331
2883.37	3.91034
2884.69	3.96456
2886	3.8371
2887.31	3.27471
2888.63	3.86259
2889.94	3.98616
2891.25	3.68784
2892.57	4.29992
2893.88	3.07609
2895.19	4.34626
2896.5	3.93687
2897.82	4.41076
2899.13	3.99044
2900.44	4.49462
2901.75	4.11808
2903.06	4.14751
2904.37	5.12827
2905.68	4.31901
2906.99	4.96519
2908.3	4.84319
2909.61	5.11405
2910.92	4.89599
2912.23	5.40571
2913.54	5.76056
2914.85	5.28749
2916.16	5.75007
2917.46	5.83242
2918.77	5.39568
2920.08	5.85412
2921.39	6.41105
2922.7	6.13069
2924	6.08995
2925.31	6.62386
2926.62	6.40381
2927.92	6.23972
2929.23	6.71818
2930.53	6.73453
2931.84	6.65237
2933.15	6.65372
2934.45	6.4314
2935.76	6.68445
2937.06	6.70011
2938.37	6.03129
2939.67	6.28515
2940.98	6.55365
2942.28	6.22245
2943.58	5.41759
2944.89	5.35511
2946.19	5.28014
2947.49	4.70221
2948.8	5.42521
2950.1	5.13913
2951.4	4.75257
2952.7	4.37751
2954.01	4.70075
2955.31	4.60343
2956.61	4.40928
2957.91	4.48371
2959.21	4.33763
2960.51	4.22303
2961.81	4.55953
2963.11	4.09787
2964.41	4.2385
2965.71	4.13865
2967.01	4.21924
2968.31	3.63735
2969.61	3.26508
2970.91	3.27223
2972.21	3.44858
2973.51	3.47065
2974.81	3.30972
2976.1	2.93669
2977.4	2.8858
2978.7	2.95944
2980	2.83374
2981.29	2.63603
2982.59	2.69092
2983.89	2.56339
2985.18	2.2687
2986.48	2.13062
2987.78	2.21926
2989.07	2.16863
2990.37	1.61241
2991.66	1.53337
2992.96	1.84651
2994.25	1.53968
2995.55	1.34393
2996.84	1.75108
2998.14	1.30154
2999.43	1.31558
3000.72	1.40038
3002.02	1.27561
3003.31	1.03935
3004.6	0.817362
3005.9	1.44939
3007.19	0.51232
3008.48	0.302574
3009.77	0.581326
3011.07	0.453539
3012.36	0.841945
3013.65	0.434539
3014.94	0.864658
3016.23	0.264211
3017.52	0.222343
3018.81	0.835148
3020.1	-0.221476
3021.39	0.404298
3022.68	-0.0690765
3023.97	0.0815153
3025.26	0.563578
3026.55	0.379584
3027.84	0.279551
3029.13	0.194933
3030.42	0.0985222
3031.71	0.432201
3033	0.159541
3034.28	0.6603
3035.57	-0.0953856
3036.86	0.0717554
3038.15	0.360353
3039.43	-0.0559034
3040.72	-0.060894
3042.01	0.385873
3043.29	-0.0733032
3044.58	-0.201668
3045.86	0.191863
3047.15	-0.109287
3048.44	-0.311497
3049.72	-0.27889
3051.01	-0.039649
3052.29	0.105045
3053.58	-0.0367842
3054.86	0.502684
3056.14	0.058567
3057.43	0.703921
3058.71	0.570945
3060	0.519421
3061.28	0.114616
3062.56	0.323508
3063.84	0.221274
3065.13	-0.0556736
3066.41	0.715987
3067.69	0.061429
3068.97	0.114318
3070.25	0.112462
3071.54	-0.0129051
3072.82	0.145758
3074.1	0.153184
3075.38	0.213715
3076.66	0.205821
3077.94	0.0355568
3079.22	0.0703125
3080.5	-0.0151405
3081.78	-0.0307627
3083.06	-0.20762
3084.34	-0.275121
3085.62	0.213858
3086.9	-0.0712948
3088.17	0.307691
3089.45	-0.12862
3090.73	0.303032
3092.01	0.367996
3093.29	0.107578
3094.56	0.0103598
3095.84	0.523643
3097.12	-0.250992
3098.4	-0.347746
3099.67	-0.0381584
3100.95	0.420125
3102.22	0.377151
3103.5	0.0908422
3104.77	0.3738
3106.05	0.400467
3107.33	-0.329508
3108.6	-0.178551
3109.88	0.190349
3111.15	0.574224
3112.43	-0.476425
3113.7	0.11225
3114.97	0.294684
3116.25	-0.0387039
3117.52	-0.0885372
3118.79	-0.194044
3120.07	-0.111061
3121.34	0.119826
3122.61	0.376857
3123.88	0.443743
3125.16	-0.0578995
3126.43	0.253462
3127.7	0.064723
3128.97	0.390704
3130.24	0.0273571
3131.51	0.434806
3132.78	0.341805
3134.05	0.667077
3135.33	0.208342
3136.59	0.154082
3137.86	-0.237814
3139.14	0.367238
3140.41	0.311533
3141.67	0.430779
3142.94	-0.148498
3144.21	0.240378
3145.48	0.26718
3146.75	0.0937223
3148.02	0.510768
3149.28	0.245193
