200.563	0.544594
202.377	0.559839
204.194	0.576301
206.008	0.326028
207.821	0.635334
209.634	0.385019
211.449	0.279748
213.262	0.197755
215.074	0.988117
216.885	0.249986
218.699	0.239594
220.51	-0.302694
222.321	-0.214669
224.131	-0.00513268
225.941	0.156343
227.751	-0.0446119
229.562	-0.0525322
231.371	0.542448
233.18	0.557683
234.988	0.428589
236.796	0.131995
238.603	-0.0421801
240.411	0.291922
242.219	0.194077
244.026	-0.071661
245.832	0.241499
247.638	0.0223808
249.443	0.839216
251.248	0.349508
253.053	0.316275
254.857	-0.00782394
256.661	-0.163114
258.465	0.477706
260.268	0.300421
262.071	0.100761
263.874	0.36022
265.678	-0.463643
267.48	0.327145
269.282	0.491228
271.083	0.317126
272.884	-0.0508938
274.684	-0.37186
276.484	0.487086
278.284	-0.63195
280.084	0.126977
281.883	0.305661
283.682	-0.046546
285.48	0.177298
287.276	0.136073
289.074	-0.000928879
290.871	0.102511
292.668	-0.36753
294.465	0.455976
296.261	0.275731
298.057	0.216044
299.853	0.204593
301.648	-0.499665
303.443	-0.0581207
305.237	-0.357745
307.032	0.391628
308.823	-0.457068
310.617	0.458649
312.41	0.350548
314.203	0.148705
315.995	0.639005
317.788	0.511779
319.579	-0.162125
321.369	-0.120605
323.16	0.183931
324.951	0.155107
326.741	0.771038
328.531	0.336241
330.321	-0.075757
332.108	0.634973
333.897	0.0766764
335.686	0.282089
337.474	0.509508
339.26	1.45272
341.048	1.29387
342.835	1.44517
344.622	0.258338
346.406	0.649245
348.192	0.228704
349.978	0.310118
351.764	-0.396117
353.547	0.472351
355.332	0.38526
357.116	0.583213
358.901	0.0411053
360.682	0.379796
362.466	0.312713
364.249	0.506633
366.03	0.533312
367.812	0.440598
369.594	0.371023
371.374	0.39559
373.155	0.18293
374.936	0.27765
376.715	-0.147046
378.495	0.58498
380.273	0.798121
382.053	0.517698
383.832	0.285882
385.609	0.00844574
387.388	0.5782
389.164	0.584764
390.942	0.169451
392.72	0.412498
394.495	0.609076
396.272	-0.321272
398.047	0.25147
399.823	0.307411
401.597	0.292508
403.372	0.676367
405.145	-0.185217
406.92	-0.178344
408.693	0.6028
410.467	0.18627
412.239	-0.253517
414.012	0.105001
415.783	0.159024
417.556	0.2372
419.327	0.620997
421.099	0.629594
422.869	-0.254068
424.64	0.434427
426.409	0.277038
428.18	0.0954962
429.948	0.547355
431.718	0.0837975
433.486	0.348126
435.253	0.307643
437.022	-0.0849094
438.789	0.0617428
440.558	-0.473321
442.324	0.397678
444.089	0.187676
445.857	0.187246
447.622	0.770931
449.386	0.301
451.153	0.275885
452.917	0.157728
454.682	-0.0300159
456.446	0.295242
458.208	-0.102018
459.973	-0.0797353
461.735	-0.173163
463.497	-0.125751
465.259	0.0397491
467.022	-0.257173
468.783	0.703081
470.544	-0.00869894
472.306	0.326356
474.066	0.0557637
475.825	0.156142
477.585	0.115027
479.346	0.0724249
481.104	0.471606
482.862	0.218769
484.62	0.153281
486.38	0.159282
488.137	0.842995
489.894	0.106495
491.65	0.0700707
493.407	0.0107417
495.164	0.13858
496.92	-0.388913
498.675	-0.0272169
500.43	0.545831
502.184	0.790696
503.939	-0.374201
505.694	0.244739
507.448	0.581036
509.201	0.23408
510.954	-0.137928
512.706	0.12406
514.459	-0.13282
516.21	0.315031
517.962	0.549993
519.715	0.125751
521.466	0.19469
523.216	0.615426
524.966	0.448792
526.716	0.258873
528.466	0.162964
530.215	0.1608
531.964	0.439344
533.712	0.295565
535.46	0.455055
537.208	-0.228147
538.955	0.536211
540.703	0.481807
542.449	0.0542231
544.196	0.604396
545.942	-0.356989
547.688	0.517401
549.433	0.323695
551.178	0.0380034
552.923	0.308197
554.667	-0.161365
556.412	0.0165448
558.155	0.079133
559.899	0.026835
561.642	0.458477
563.385	0.222912
565.127	-0.471487
566.867	0.213723
568.609	0.462617
570.35	0.482726
572.092	0.320494
573.832	0.503807
575.573	0.206888
577.313	-0.41002
579.053	0.305142
580.79	0.125817
582.529	0.176183
584.268	-0.141708
586.006	0.827259
587.745	0.714498
589.482	0.577642
591.218	0.0488524
592.955	-0.0892215
594.692	-0.112363
596.428	-0.0434341
598.164	0.163508
599.898	-0.0899763
601.634	0.392005
603.369	-0.116144
605.104	-0.0963893
606.836	0.519731
608.57	-0.610692
610.304	0.279703
612.037	0.504337
613.769	-0.416898
615.501	-0.122198
617.234	0.424418
618.966	-0.0603695
620.696	-0.0420127
622.427	-0.139033
624.159	-0.350867
625.887	0.191447
627.618	-0.11071
629.348	0.752859
631.076	-0.0932612
632.806	0.0891371
634.535	-0.389488
636.262	-0.320713
637.99	-0.00217962
639.716	0.451015
641.444	-0.0109468
643.172	0.277843
644.897	-0.39103
646.624	-0.626214
648.348	0.686073
650.075	0.0910635
651.801	0.181032
653.524	0.0241408
655.249	-0.198564
656.972	-0.214997
658.697	0.088366
660.419	0.209424
662.143	0.420766
663.865	0.104859
665.588	-0.00753307
667.309	-0.0757365
669.032	-0.213119
670.752	0.610914
672.474	0.269926
674.194	0.388558
675.915	-0.1098
677.634	0.630878
679.355	0.293603
681.073	-0.137123
682.793	0.764491
684.511	0.58351
686.23	0.14741
687.947	0.677205
689.664	-0.0606432
691.382	0.329583
693.098	0.0513024
694.816	-0.158439
696.531	0.160756
698.247	0.294689
699.963	1.09479
701.678	0.214325
703.392	0.621169
705.108	1.04985
706.821	-0.105998
708.534	0.390625
710.249	0.588277
711.962	0.419042
713.674	0.547187
715.388	1.0634
717.099	0.711117
718.81	0.222685
720.523	0.0087266
722.234	0.865488
723.944	0.355754
725.654	0.301427
727.365	0.383226
729.075	0.62339
730.784	0.726728
732.492	0.421927
734.202	0.977267
735.91	0.943948
737.618	1.02391
739.325	0.585465
741.034	0.689526
742.741	0.77191
744.447	0.765258
746.153	0.557243
747.859	0.957897
749.564	0.729682
751.271	1.28978
752.976	0.658863
754.681	0.343855
756.385	0.344903
758.088	0.887543
759.792	0.530733
761.495	0.873263
763.2	1.26184
764.902	1.26686
766.604	0.638231
768.306	0.979507
770.008	1.27403
771.709	1.34083
773.41	1.22557
775.11	1.40391
776.811	1.28879
778.51	1.06171
780.21	1.3786
781.909	1.53819
783.608	1.40376
785.307	1.26827
787.005	1.35713
788.703	0.854932
790.401	0.91602
792.098	1.2687
793.795	1.77753
795.492	1.83407
797.188	1.41808
798.884	1.43203
800.58	1.40247
802.276	1.50908
803.971	1.45873
805.665	1.38578
807.36	0.930228
809.054	1.50718
810.748	1.83557
812.441	1.64696
814.135	1.70463
815.826	1.98586
817.518	1.81924
819.21	1.4295
820.902	1.82206
822.594	1.545
824.285	1.64806
825.976	1.46256
827.665	1.76908
829.355	1.38742
831.045	1.34239
832.735	1.96805
834.424	1.52606
836.111	1.28511
837.8	1.69092
839.488	1.11363
841.177	1.78548
842.864	1.02667
844.55	1.31748
846.237	1.16197
847.924	1.32088
849.61	0.922596
851.295	0.973549
852.98	1.36234
854.666	0.810174
856.349	0.70592
858.034	0.757977
859.719	0.988835
861.403	0.745709
863.085	1.22196
864.769	1.15669
866.452	1.51897
868.133	0.956376
869.816	0.91191
871.498	0.776945
873.179	0.957637
874.86	1.70241
876.54	1.20621
878.221	1.27414
879.902	1.13883
881.58	1.11605
883.26	1.11524
884.938	0.458885
886.618	1.04294
888.297	0.722944
889.974	0.334332
891.653	1.02675
893.329	0.771367
895.007	0.605452
896.683	0.911057
898.36	0.855966
900.035	0.732967
901.712	0.923251
903.387	1.09027
905.063	1.30141
906.737	0.597175
908.412	0.274105
910.085	0.464606
911.76	0.811089
913.433	0.979643
915.107	0.992724
916.779	0.517825
918.452	1.32908
920.124	1.05406
921.797	0.890618
923.467	0.90521
925.138	0.523495
926.81	0.76182
928.48	0.80264
930.151	0.623726
931.82	0.996975
933.489	0.708515
935.16	0.751126
936.828	1.21312
938.496	0.617184
940.165	0.507398
941.833	0.994144
943.5	0.974149
945.168	1.06434
946.834	0.734178
948.5	0.9985
950.168	0.996383
951.834	0.662384
953.499	0.571299
955.163	0.944577
956.83	0.702624
958.494	0.0219164
960.158	0.313786
961.821	0.452528
963.487	0.414472
965.15	0.330779
966.812	0.643207
968.474	0.599538
970.138	0.266663
971.8	0.663197
973.461	0.639811
975.123	0.728163
976.783	0.35352
978.446	0.555036
980.106	0.502654
981.766	0.449895
983.425	0.584214
985.084	0.805554
986.743	1.44567
988.402	0.645849
990.06	0.265909
991.72	0.902463
993.378	0.831402
995.035	0.981238
996.692	0.292685
998.349	0.55296
1000.01	0.636462
1001.66	0.65348
1003.32	0.670133
1004.97	0.268699
1006.63	0.0215731
1008.28	0.872815
1009.94	0.252941
1011.59	0.314023
1013.25	0.528782
1014.9	0.480757
1016.55	0.717684
1018.21	0.495302
1019.86	0.820521
1021.51	0.643489
1023.16	0.29257
1024.81	0.226614
1026.47	0.226653
1028.12	0.379626
1029.77	0.466509
1031.42	0.15928
1033.07	0.265835
1034.72	0.960073
1036.37	1.39068
1038.02	1.07931
1039.67	1.00782
1041.31	1.28502
1042.96	1.14996
1044.61	1.88558
1046.26	1.12373
1047.91	1.36275
1049.55	1.36424
1051.2	0.367643
1052.84	0.544462
1054.49	0.895476
1056.14	0.4207
1057.78	0.315058
1059.43	0.208997
1061.07	0.167649
1062.72	0.0169878
1064.36	0.517934
1066	0.909232
1067.65	0.321475
1069.29	0.710981
1070.93	0.144183
1072.58	0.22898
1074.22	0.574458
1075.86	0.0312033
1077.5	0.313287
1079.14	-0.0759964
1080.78	0.315925
1082.42	-0.0511513
1084.06	0.274961
1085.7	0.382942
1087.34	0.619266
1088.98	0.0958633
1090.62	-0.190078
1092.26	0.604381
1093.9	-0.0498333
1095.54	0.117167
1097.17	0.00427628
1098.81	-0.0427914
1100.45	0.255915
1102.09	0.383636
1103.72	-0.175765
1105.36	0.212389
1106.99	-0.130404
1108.63	0.343812
1110.27	-0.172
1111.9	-0.34477
1113.53	0.0614452
1115.17	0.638011
1116.8	0.226579
1118.43	0.330309
1120.07	0.370168
1121.7	0.60346
1123.33	0.195297
1124.97	0.472824
1126.6	0.772236
1128.23	0.173992
1129.86	0.260686
1131.49	0.860879
1133.12	-0.0138435
1134.75	0.351233
1136.38	0.138663
1138.01	0.352715
1139.64	0.223962
1141.27	0.649631
1142.9	0.135629
1144.53	0.432703
1146.16	0.32501
1147.78	0.239451
1149.41	0.239814
1151.04	-0.206769
1152.67	0.0708599
1154.29	0.284212
1155.92	-0.183897
1157.54	-0.0986338
1159.17	-0.162023
1160.8	0.306862
1162.42	-0.0315099
1164.05	-0.326585
1165.67	0.186631
1167.29	0.10429
1168.92	-0.382792
1170.54	0.234291
1172.16	0.212128
1173.79	-0.087338
1175.41	-0.047853
1177.03	0.393971
1178.65	-0.13905
1180.28	0.00655127
1181.9	0.025703
1183.52	-0.0603952
1185.14	0.149392
1186.76	0.548209
1188.38	0.502082
1190	-0.177781
1191.62	0.363415
1193.24	0.166319
1194.86	0.347046
1196.47	0.17094
1198.09	-0.0667667
1199.71	0.241124
1201.33	-0.0975032
1202.95	0.276222
1204.56	0.150628
1206.18	0.46484
1207.8	0.17493
1209.41	1.13682
1211.03	0.70038
1212.64	0.304489
1214.26	-0.259423
1215.87	-0.407747
1217.49	0.774198
1219.1	0.560824
1220.71	0.161013
1222.33	0.301708
1223.94	-0.219915
1225.55	0.564721
1227.16	1.08051
1228.78	0.914376
1230.39	0.811414
1232	0.502755
1233.61	0.77384
1235.22	1.19054
1236.83	0.884818
1238.44	1.26204
1240.05	1.37114
1241.66	0.963315
1243.27	1.07222
1244.88	0.746002
1246.49	0.977622
1248.1	1.12567
1249.71	1.29377
1251.32	0.675486
1252.92	1.23657
1254.53	0.80535
1256.14	1.01621
1257.74	0.710894
1259.35	1.06852
1260.96	0.992342
1262.56	1.06143
1264.17	1.2963
1265.77	1.03362
1267.38	0.87383
1268.98	1.23152
1270.59	1.44332
1272.19	1.21884
1273.79	1.20086
1275.4	1.28571
1277	1.39047
1278.6	0.603786
1280.21	1.05957
1281.81	1.01803
1283.41	1.18349
1285.01	1.26655
1286.61	1.26759
1288.21	0.83545
1289.81	1.2101
1291.41	0.985817
1293.01	1.38131
1294.61	1.54882
1296.21	1.15756
1297.81	1.40521
1299.41	1.34178
1301.01	1.17412
1302.6	1.56188
1304.2	1.6189
1305.8	1.32574
1307.4	1.52561
1308.99	1.00684
1310.59	1.2269
1312.19	0.546113
1313.78	0.992048
1315.38	1.43793
1316.97	1.65926
1318.57	1.14626
1320.16	1.02123
1321.76	1.38449
1323.35	1.17606
1324.94	1.06832
1326.54	1.36572
1328.13	1.56057
1329.72	0.884866
1331.32	1.20295
1332.91	1.1787
1334.5	1.15626
1336.09	1.5185
1337.68	1.51772
1339.27	0.730282
1340.87	0.989914
1342.45	0.724282
1344.04	1.12098
1345.64	1.19472
1347.22	1.12814
1348.81	1.24332
1350.4	0.940005
1351.99	1.0591
1353.58	1.17966
1355.17	0.901403
1356.75	1.30293
1358.34	1.38424
1359.93	0.745876
1361.51	1.26483
1363.1	1.30384
1364.69	0.764437
1366.27	0.82357
1367.86	0.684131
1369.44	0.923949
1371.03	0.985601
1372.61	0.610541
1374.2	0.713908
1375.78	1.31521
1377.37	1.24004
1378.95	0.846051
1380.53	0.530906
1382.11	0.751973
1383.7	1.54858
1385.28	0.932541
1386.86	1.23059
1388.44	1.17106
1390.02	0.893792
1391.6	0.180878
1393.19	0.857545
1394.77	0.800337
1396.35	0.366251
1397.93	0.605827
1399.51	1.0228
1401.08	0.408834
1402.66	0.30972
1404.24	0.86354
1405.82	0.84378
1407.4	0.389874
1408.97	0.529657
1410.55	0.886979
1412.13	1.00708
1413.71	1.42269
1415.28	1.14667
1416.86	0.278655
1418.43	1.00773
1420.01	0.475604
1421.59	0.633932
1423.16	0.261843
1424.73	0.363426
1426.31	0.721744
1427.88	0.785204
1429.46	1.18304
1431.03	0.950308
1432.6	1.40547
1434.18	1.60392
1435.75	1.46758
1437.32	1.46912
1438.89	1.21574
1440.46	1.19908
1442.04	1.1242
1443.61	1.20708
1445.18	1.34921
1446.75	1.27529
1448.32	1.63394
1449.89	1.26549
1451.46	1.64449
1453.03	1.57173
1454.6	1.81396
1456.16	1.56434
1457.73	1.25501
1459.3	1.33823
1460.87	1.65619
1462.44	1.26428
1464	1.20565
1465.57	1.06764
1467.14	0.850953
1468.7	1.38082
1470.27	0.458741
1471.83	1.02909
1473.4	0.991927
1474.96	1.15146
1476.53	1.48772
1478.09	1.17702
1479.66	0.866347
1481.22	0.928058
1482.78	0.989678
1484.35	0.541735
1485.91	0.994793
1487.47	0.702804
1489.04	0.91898
1490.6	0.742185
1492.16	0.427121
1493.72	1.06801
1495.28	0.808763
1496.84	1.17279
1498.4	0.173699
1499.96	1.00429
1501.52	0.125539
1503.08	0.509977
1504.64	0.642437
1506.2	0.658686
1507.76	0.577724
1509.32	0.554076
1510.88	0.934796
1512.44	0.234803
1513.99	-0.00177526
1515.55	0.377421
1517.11	0.0458608
1518.66	0.712686
1520.22	0.210117
1521.78	0.416676
1523.33	0.890098
1524.89	0.693663
1526.44	0.55413
1528	0.623701
1529.55	0.388484
1531.11	1.21711
1532.66	0.242714
1534.21	0.918906
1535.77	0.629686
1537.32	0.417401
1538.87	0.338167
1540.43	0.693019
1541.98	0.482134
1543.53	0.704407
1545.08	0.662881
1546.63	0.884206
1548.18	0.0918279
1549.74	0.594265
1551.29	0.496681
1552.84	1.03566
1554.39	1.01373
1555.94	1.03029
1557.48	0.637579
1559.03	0.638515
1560.58	0.846058
1562.13	1.39055
1563.68	0.816572
1565.23	0.410811
1566.78	0.583494
1568.32	0.774704
1569.87	1.11498
1571.42	0.671007
1572.96	0.898807
1574.51	0.64115
1576.05	1.20488
1577.6	0.480692
1579.14	1.25031
1580.69	0.358728
1582.24	0.980186
1583.78	0.53771
1585.32	0.861709
1586.87	0.831074
1588.41	0.688269
1589.95	1.01298
1591.5	0.907058
1593.04	1.21266
1594.58	1.51823
1596.12	1.31814
1597.67	1.38066
1599.21	1.275
1600.75	0.850866
1602.29	0.633097
1603.83	1.37279
1605.37	1.34234
1606.91	1.08525
1608.45	1.16486
1609.99	1.11113
1611.53	0.999288
1613.07	0.698278
1614.6	0.884632
1616.14	0.732872
1617.68	0.731619
1619.22	0.862373
1620.75	0.994126
1622.29	0.7149
1623.83	0.754602
1625.37	0.719406
1626.9	1.15149
1628.44	1.37654
1629.97	0.889742
1631.51	0.907272
1633.04	1.18599
1634.58	0.904634
1636.11	0.642847
1637.65	0.960086
1639.18	1.0911
1640.72	1.0543
1642.25	0.812108
1643.78	1.09066
1645.31	0.865578
1646.85	1.45828
1648.38	1.77118
1649.91	1.63837
1651.44	1.78487
1652.97	1.46856
1654.5	1.54273
1656.03	1.50613
1657.56	1.6918
1659.1	1.22845
1660.62	1.28283
1662.15	1.521
1663.68	1.66551
1665.21	1.32916
1666.74	1.87947
1668.27	1.0652
1669.8	1.11934
1671.32	1.54305
1672.85	0.659561
1674.38	0.881736
1675.91	1.02995
1677.43	0.882994
1678.96	1.12164
1680.49	0.862843
1682.01	0.603799
1683.54	0.491749
1685.06	1.02213
1686.59	0.781918
1688.11	0.817231
1689.64	1.03597
1691.16	0.870181
1692.68	1.0157
1694.21	0.74033
1695.73	0.373703
1697.25	0.372697
1698.78	0.426225
1700.3	0.661859
1701.82	0.56853
1703.34	0.310893
1704.86	0.526686
1706.39	0.323334
1707.91	0.392799
1709.43	0.462087
1710.95	0.531311
1712.47	0.219788
1713.99	0.524849
1715.51	0.232096
1717.02	-0.0783205
1718.54	0.117684
1720.06	0.295255
1721.58	0.346366
1723.1	0.469918
1724.62	0.0175233
1726.13	0.0527468
1727.65	0.610847
1729.17	0.125595
1730.68	0.179431
1732.2	0.0891738
1733.72	0.722175
1735.23	0.564475
1736.75	0.677675
1738.26	0.02492
1739.78	0.408542
1741.29	0.493916
1742.81	0.162374
1744.32	0.102556
1745.84	0.137454
1747.35	0.0039463
1748.86	0.466671
1750.37	0.0959282
1751.89	0.226208
1753.4	0.102995
1754.91	0.120625
1756.42	0.266223
1757.93	0.132652
1759.45	0.44697
1760.96	0.127135
1762.47	0.204378
1763.98	0.343963
1765.49	-0.0642471
1767	-0.00931072
1768.51	0.20134
1770.02	0.0937276
1771.53	0.152787
1773.03	0.106176
1774.54	0.370635
1776.05	0.272755
1777.56	0.111703
1779.07	0.300106
1780.57	0.0118275
1782.08	-0.140717
1783.59	0.302282
1785.09	0.124892
1786.6	0.0221577
1788.11	0.430232
1789.61	0.484574
1791.12	0.139444
1792.62	-0.00317478
1794.13	0.216379
1795.63	-0.0804014
1797.13	-0.118115
1798.64	0.286026
1800.14	0.35709
1801.65	0.229514
1803.15	0.109251
1804.65	0.00710249
1806.15	0.239028
1807.66	0.26049
1809.16	0.178529
1810.66	-0.0138388
1812.16	-0.157395
1813.66	0.0344505
1815.16	0.217344
1816.66	0.189417
1818.16	0.201712
1819.66	0.102776
1821.16	0.146564
1822.66	-0.00302792
1824.16	0.109865
1825.66	0.101386
1827.16	0.348102
1828.66	0.124275
1830.16	0.326146
1831.65	-0.00612974
1833.15	-0.150536
1834.65	-0.169473
1836.14	0.124062
1837.64	0.346081
1839.14	0.0682077
1840.63	0.258841
1842.13	0.309364
1843.62	0.17304
1845.12	0.0604239
1846.61	0.217634
1848.11	0.134305
1849.6	0.399533
1851.1	0.142513
1852.59	0.199844
1854.08	0.36565
1855.58	-0.0286579
1857.07	0.317289
1858.56	0.231496
1860.05	-0.0272417
1861.55	0.180088
1863.04	0.123953
1864.53	0.0111895
1866.02	-0.114428
1867.51	0.0169635
1869	0.0672503
1870.49	0.180817
1871.98	-0.201271
1873.47	0.0142884
1874.96	-0.0437551
1876.45	0.107965
1877.94	0.350806
1879.43	0.229093
1880.92	0.0495739
1882.41	-0.302237
1882.51	-0.328854
1884	0.00208569
1885.5	-0.207968
1886.99	0.295667
1888.48	0.0324602
1889.98	-0.00415754
1891.47	0.168643
1892.96	0.0643044
1894.46	-0.282096
1895.95	0.102823
1897.44	0.018909
1898.93	-0.152086
1900.42	-0.202051
1901.91	-0.235729
1903.41	-0.0619197
1904.9	0.301965
1906.39	0.0915542
1907.88	0.263372
1909.37	0.470177
1910.86	0.139637
1912.35	0.434439
1913.83	0.018456
1915.32	0.157592
1916.81	-0.0676389
1918.3	0.452144
1919.79	0.174254
1921.27	0.0350399
1922.76	0.069356
1924.25	-0.207347
1925.74	0.157321
1927.22	0.263076
1928.71	-0.0635319
1930.19	-0.0439043
1931.68	-0.0248299
1933.17	0.183694
1934.65	-0.0938272
1936.14	0.181338
1937.62	-0.0288038
1939.11	0.1584
1940.59	0.241957
1942.07	-0.0536351
1943.56	0.117558
1945.04	-0.107373
1946.52	-0.159502
1948.01	-0.125586
1949.49	0.0628333
1950.97	0.0437598
1952.45	0.0240469
1953.93	-0.133617
1955.42	-0.016192
1956.9	0.427628
1958.38	-0.175506
1959.86	0.0459137
1961.34	0.233229
1962.82	0.197717
1964.3	0.127837
1965.78	-0.147835
1967.26	-0.0985079
1968.74	0.241079
1970.21	0.0499134
1971.69	-0.329062
1973.17	0.180009
1974.65	0.313187
1976.13	0.173607
1977.6	-0.0508246
1979.08	0.252776
1980.56	0.300804
1982.03	0.110666
1983.51	0.243317
1984.99	0.205791
1986.46	0.151181
1987.94	0.215271
1989.41	0.0593414
1990.89	-0.518964
1992.36	-0.0304084
1993.84	0.0188031
1995.31	0.0854559
1996.78	-0.134817
1998.26	-0.0509768
1999.73	0.353269
2001.2	0.047998
2002.68	-0.105544
2004.15	0.111843
2005.62	0.160754
2007.09	-0.0930305
2008.56	0.0918155
2010.04	-0.312051
2011.51	-0.0589318
2012.98	0.1605
2014.45	0.345913
2015.92	0.379261
2017.39	-0.00853729
2018.86	0.141337
2020.33	-0.0285711
2021.8	0.137459
2023.26	0.152487
2024.73	-0.486299
2026.2	0.335442
2027.67	0.0509677
2029.14	0.170113
2030.61	0.273475
2032.07	0.444722
2033.54	0.314281
2035.01	0.586779
2036.47	-0.165549
2037.94	0.257543
2039.4	0.193151
2040.87	-0.0562239
2042.33	0.0980892
2043.8	0.286662
2045.27	0.0890059
2046.73	0.0432258
2048.19	0.166065
2049.66	0.49105
2051.12	0.444659
2052.59	0.177845
2054.05	-0.0228744
2055.51	0.028151
2056.97	0.162476
2058.44	0.228726
2059.9	-0.328417
2061.36	0.664189
2062.82	0.714138
2064.28	0.226289
2065.74	-0.142921
2067.21	0.498218
2068.67	0.0290389
2070.13	0.468964
2071.59	0.168297
2073.05	0.153688
2074.51	0.239922
2075.96	0.17437
2077.42	-0.261932
2078.88	-0.142779
2080.34	0.127599
2081.8	0.347022
2083.26	0.330225
2084.72	0.464349
2086.17	0.345515
2087.63	0.226326
2089.09	0.20778
2090.54	0.541849
2092	0.220764
2093.45	0.671816
2094.91	0.350753
2096.37	0.281106
2097.82	0.278068
2099.28	0.726451
2100.73	0.438097
2102.19	0.517964
2103.64	0.564928
2105.09	0.395823
2106.55	0.878531
2108	0.61121
2109.45	0.761157
2110.91	0.527215
2112.36	0.609067
2113.81	0.38982
2115.26	0.768731
2116.72	0.680825
2118.17	0.227878
2119.62	0.457098
2121.07	0.471763
2122.52	0.53758
2123.97	0.554696
2125.42	0.655201
2126.87	0.57313
2128.32	0.705845
2129.77	1.00316
2131.22	0.471111
2132.67	0.68391
2134.11	0.54903
2135.56	0.547137
2137.01	0.876876
2138.46	0.563328
2139.91	0.432981
2141.35	0.79968
2142.8	0.80368
2144.25	1.13904
2145.7	0.945179
2147.14	0.767493
2148.59	0.953588
2150.03	0.741537
2151.48	0.71093
2152.92	1.24295
2154.37	1.22756
2155.81	0.996431
2157.26	1.24579
2158.7	1.37971
2160.15	0.769197
2161.59	1.58484
2163.03	1.65655
2164.47	1.19872
2165.92	1.28879
2167.36	1.06326
2168.8	1.41849
2170.24	1.50659
2171.69	0.761295
2173.13	1.31198
2174.57	1.34588
2176.01	1.51235
2177.45	1.16346
2178.89	1.82939
2180.33	1.91419
2181.77	1.53417
2183.21	0.921718
2184.65	1.3904
2186.09	1.37687
2187.53	1.56303
2188.97	1.5163
2190.4	0.970162
2191.84	1.306
2193.28	0.975352
2194.72	0.726947
2196.16	0.993306
2197.59	1.29126
2199.03	1.22174
2200.47	0.486891
2201.9	0.915189
2203.34	1.09449
2204.77	0.85986
2206.21	0.758838
2207.64	1.0062
2209.08	1.05451
2210.51	0.887014
2211.95	0.917449
2213.38	0.914215
2214.82	1.05953
2216.25	0.742924
2217.68	0.625491
2219.12	0.673979
2220.55	0.70658
2221.98	1.01944
2223.41	0.277166
2224.85	0.40732
2226.28	0.651288
2227.71	0.515526
2229.14	0.658286
2230.57	0.619704
2232	0.466337
2233.43	0.313511
2234.86	0.652075
2236.29	0.598764
2237.72	0.0895829
2239.15	0.463415
2240.58	0.185908
2242.01	0.6437
2243.44	0.727237
2244.87	0.729505
2246.29	0.454002
2247.72	0.258971
2249.15	0.502703
2250.58	0.451333
2252.01	0.366212
2253.43	0.49204
2254.86	0.211664
2256.29	0.208727
2257.71	0.596854
2259.14	0.370309
2260.56	0.0971775
2261.99	0.247593
2263.41	0.350547
2264.84	0.421355
2266.26	0.491988
2267.69	0.187958
2269.11	0.468898
2270.53	0.456429
2271.96	0.297035
2273.38	0.251447
2274.8	0.40137
2276.23	0.60039
2277.65	-0.21084
2279.07	0.0372009
2280.49	0.269027
2281.91	0.060492
2283.34	0.48807
2284.76	0.589503
2286.18	0.26675
2287.6	-0.0232782
2289.02	0.454477
2290.44	0.132216
2291.86	0.774361
2293.28	0.435903
2294.7	0.309825
2296.12	-0.0128441
2297.54	0.139061
2298.96	0.078155
2300.37	0.132048
2301.79	0.448546
2303.21	0.503065
2304.63	-0.0495868
2306.04	-0.0609007
2307.46	0.371184
2308.88	0.0306878
2310.3	-0.0144873
2311.71	0.0880752
2313.13	0.256487
2314.54	0.293608
2315.96	-0.146266
2317.37	0.204765
2318.79	-0.16883
2320.2	0.463115
2321.62	0.319359
2323.03	0.273207
2324.45	0.324435
2325.86	0.40704
2327.27	0.818168
2328.69	0.948092
2330.1	0.633278
2331.51	0.0230894
2332.92	0.401627
2334.34	0.336301
2335.75	-0.18943
2337.16	-0.139579
2338.57	-0.123278
2339.98	0.253752
2341.39	0.235568
2342.8	-0.0127087
2344.21	-0.0310845
2345.63	0.327695
2347.04	0.309507
2348.45	0.0458288
2349.85	0.207546
2351.26	-0.154587
2352.67	0.414159
2354.08	-0.324157
2355.49	0.12845
2356.9	0.237938
2358.3	0.00559759
2359.71	0.131277
2361.12	0.0782261
2362.53	-0.00715017
2363.93	0.0209565
2365.34	0.0489583
2366.75	0.190157
2368.15	0.0731578
2369.56	-0.0751915
2370.97	0.0516109
2372.37	-0.0302792
2373.77	-0.159713
2375.18	0.0170546
2376.59	0.0968871
2377.99	0.191986
2379.39	-0.00333738
2380.8	0.169754
2382.2	0.165121
2383.6	0.0157213
2385.01	0.0904613
2386.41	0.309073
2387.81	0.368227
2389.21	0.157064
2390.62	-0.116584
2392.02	-0.0387936
2393.42	-0.10363
2394.82	-0.660873
2396.22	0.0705228
2397.62	0.0548673
2399.02	0.341506
2400.42	-0.0547276
2401.82	-0.0058732
2403.22	-0.369914
2404.62	0.18687
2406.02	0.0919776
2407.42	0.297988
2408.82	-0.146985
2410.22	0.264228
2411.62	0.263242
2413.01	-0.0222368
2414.41	-0.0691853
2415.81	0.264796
2417.21	-0.0968909
2418.6	-0.0938621
2420	0.210321
2421.4	0.00765705
2422.79	-0.100259
2424.19	0.0768118
2425.59	0.349036
2426.98	-0.0598164
2428.38	0.00732851
2429.77	0.0751514
2431.17	0.302178
2432.56	0.33904
2433.95	0.137339
2435.35	0.125366
2436.74	0.0805912
2438.14	0.288976
2439.53	-0.0913415
2440.92	-0.0115633
2442.31	-0.154449
2443.71	0.11515
2445.1	0.431988
2446.49	0.0508451
2447.88	0.272145
2449.27	0.271467
2450.67	0.223445
2452.06	0.0650334
2453.45	0.381945
2454.84	-0.249901
2456.23	0.0838256
2457.62	0.148814
2459.01	0.356039
2460.4	0.167452
2461.79	-0.100674
2463.18	-0.00564909
2464.57	0.0731096
2465.95	0.3411
2467.34	-0.101557
2468.73	-0.0705099
2470.12	-0.0238538
2471.5	-0.0248361
2472.89	-0.168052
2474.28	0.36533
2475.67	0.26826
2477.05	0.0453372
2478.44	-0.130149
2479.82	0.275355
2481.21	0.272663
2482.6	0.645949
2483.98	0.298182
2485.37	0.185006
2486.75	0.602456
2488.13	0.050673
2489.52	0.263378
2490.9	0.179703
2492.29	0.174314
2493.67	-0.0632434
2495.05	-0.15981
2496.44	0.333616
2497.82	0.0679402
2499.2	-0.119786
2500.58	-0.261064
2501.97	0.323755
2503.35	0.134836
2504.73	0.0382147
2506.11	-0.120262
2507.49	-0.016911
2508.87	0.22465
2510.25	-0.378678
2511.63	0.154959
2513.01	0.197607
2514.39	0.0722995
2515.77	0.0549068
2517.15	-0.237282
2518.53	-0.131282
2519.91	0.0816889
2521.29	-0.0722857
2522.67	-0.119672
2524.05	0.0307331
2525.42	0.119465
2526.8	-0.218513
2528.18	0.113802
2529.55	-0.0858259
2530.93	0.293356
2532.31	0.263186
2533.69	0.264371
2535.06	0.00778627
2536.44	0.206961
2537.81	-0.0196867
2539.19	0.087225
2540.56	0.254246
2541.94	0.420894
2543.31	0.17796
2544.69	0.102596
2546.06	0.119092
2547.44	0.0150719
2548.81	0.230195
2550.18	0.324063
2551.56	0.174807
2552.93	-0.0813341
2554.3	0.223332
2555.67	0.178324
2557.04	0.254291
2558.42	-0.0338006
2559.79	0.0877352
2561.16	0.0580106
2562.53	0.0135703
2563.9	0.105911
2565.27	0.107618
2566.64	-0.193598
2568.01	-0.252296
2569.38	-0.159438
2570.75	0.0243678
2572.12	0.435578
2573.49	-0.24452
2574.86	0.0152469
2576.23	0.396364
2577.6	0.110351
2578.97	0.0667529
2580.33	0.0532422
2581.7	0.0849419
2583.07	0.177028
2584.44	0.117331
2585.8	-0.0636582
2587.17	0.104068
2588.54	0.0900249
2589.9	-0.166415
2591.27	-0.347136
2592.64	0.0931087
2594	0.244837
2595.37	0.198907
2596.73	0.000934124
2598.1	0.256464
2599.46	0.10322
2600.83	-0.231103
2602.19	-0.0361652
2603.55	0.14393
2604.92	0.218633
2606.28	0.172745
2607.64	0.322694
2609.01	0.185563
2610.37	-0.193237
2611.73	0.210252
2613.09	-0.0493555
2614.46	0.201732
2615.82	-0.0280585
2617.18	-0.18228
2618.54	0.143429
2619.9	-0.279107
2621.26	0.106936
2622.62	0.104282
2623.98	0.0121961
2625.34	-0.0201178
2626.7	0.022006
2628.06	0.197955
2629.42	0.298978
2630.78	0.0277443
2632.14	0.143381
2633.5	0.125105
2634.86	0.284945
2636.21	0.11824
2637.57	0.188882
2638.93	0.140991
2640.29	0.12287
2641.64	0.371053
2643	0.27929
2644.36	0.246824
2645.71	0.0520692
2647.07	0.107934
2648.43	-0.0576987
2649.78	0.129596
2651.14	0.271954
2652.49	0.296309
2653.85	-0.134044
2655.2	-0.0207596
2656.56	0.41527
2657.91	-0.0998807
2659.26	0.0298324
2660.62	-0.00114918
2661.97	0.0408778
2663.32	0.184704
2664.68	-0.00792265
2666.03	0.0179954
2667.38	-0.0293212
2668.74	0.433022
2670.09	-0.0218358
2671.44	0.309468
2672.79	-0.114809
2674.14	0.0281897
2675.49	0.0117574
2676.84	0.0102258
2678.19	0.21218
2679.54	0.0955863
2680.89	0.284198
2682.24	0.212649
2683.59	-0.0321035
2684.94	0.0572824
2686.29	-0.0851169
2687.64	0.0625844
2688.99	0.354748
2690.34	0.268332
2691.69	0.441915
2693.03	0.106508
2694.38	0.162257
2695.73	0.333753
2697.08	0.375123
2698.42	0.113261
2699.77	0.127754
2701.12	0.114463
2702.46	-0.0426621
2703.81	0.380425
2705.15	0.108371
2706.5	0.372764
2707.85	0.201889
2709.19	0.0451035
2710.54	-0.0249286
2711.88	0.108187
2713.22	-0.281839
2714.57	0.141849
2715.91	0.129548
2717.26	0.262581
2718.6	-0.128211
2719.94	0.208121
2721.29	0.2532
2722.63	0.166961
2723.97	0.00760412
2725.31	0.0371709
2726.66	0.226584
2728	0.503076
2729.34	0.197249
2730.68	0.109647
2732.02	0.211172
2733.36	0.283634
2734.7	-0.167441
2736.04	0.050734
2737.38	0.385325
2738.72	-0.00729179
2740.06	0.0653234
2741.4	0.384786
2742.74	0.122201
2744.08	0.222595
2745.42	0.0464668
2746.76	0.131568
2748.09	0.260013
2749.43	0.214262
2750.77	0.168683
2752.11	0.0073266
2753.45	0.411459
2754.78	0.105526
2756.12	0.277835
2757.46	0.160561
2758.79	0.231709
2760.13	-0.217942
2761.46	0.186659
2762.8	-0.160935
2764.14	0.186238
2765.47	0.128256
2766.8	0.30145
2768.14	0.285915
2769.47	-0.135355
2770.81	0.122011
2772.14	0.147066
2773.48	0.113657
2774.81	0.065505
2776.14	0.0174055
2777.48	-0.145514
2778.81	-0.293431
2780.14	0.134008
2781.47	-0.0564284
2782.8	-0.0599899
2784.14	-0.163982
2785.47	-0.296515
2786.8	0.273059
2788.13	0.169496
2789.46	-0.162345
2790.79	0.0930729
2792.12	-0.108693
2793.45	-0.152805
2794.78	0.160429
2796.11	0.244673
2797.44	0.228501
2798.77	-0.116447
2800.1	-0.233045
2801.43	0.121038
2802.76	0.260773
2804.09	0.0296669
2805.41	-0.00208712
2806.74	0.335856
2808.07	-0.0240455
2809.4	-0.0710268
2810.72	-0.146327
2812.05	-0.0366483
2813.38	0.343119
2814.71	0.142266
2816.03	-0.100003
2817.36	-0.171381
2818.68	0.182835
2820.01	-0.044054
2821.33	-0.115322
2822.66	-0.0878148
2823.98	0.208462
2825.31	0.2494
2826.63	-0.063683
2827.96	0.430732
2829.28	0.302503
2830.6	0.103843
2831.93	0.103523
2833.25	0.0748572
2834.57	0.187524
2835.9	0.130015
2837.22	0.298554
2838.54	0.594031
2839.86	0.408383
2841.18	0.774288
2842.5	0.589051
2843.83	0.856584
2845.15	0.54516
2846.47	0.884267
2847.79	0.842058
2849.11	1.19561
2850.43	1.04015
2851.75	0.785404
2853.07	0.699934
2854.39	1.16532
2855.71	1.00878
2857.03	1.12069
2858.35	1.02073
2859.66	1.40095
2860.98	1.39968
2862.3	1.22879
2863.62	1.28353
2864.94	1.46505
2866.25	1.59003
2867.57	1.82796
2868.89	1.95329
2870.2	1.88152
2871.52	2.12001
2872.84	2.25956
2874.15	2.51123
2875.47	1.87457
2876.78	1.9275
2878.1	2.26121
2879.41	2.31308
2880.73	2.23862
2882.04	2.24912
2883.36	2.20421
2884.67	2.70764
2885.99	2.24268
2887.3	2.24113
2888.61	2.39361
2889.93	2.61558
2891.24	2.62641
2892.55	2.25836
2893.86	2.60496
2895.18	2.32141
2896.49	2.69655
2897.8	2.54049
2899.11	2.44123
2900.42	3.01408
2901.73	2.32823
2903.05	3.29318
2904.36	2.7755
2905.67	2.92944
2906.98	2.87399
2908.29	3.29475
2909.6	3.56239
2910.91	3.29878
2912.21	3.25902
2913.52	3.13469
2914.83	3.56933
2916.14	4.29659
2917.45	3.84669
2918.76	3.69008
2920.07	3.68728
2921.37	4.32816
2922.68	3.99117
2923.99	4.34028
2925.29	4.18708
2926.6	4.63545
2927.91	4.14728
2929.22	4.38575
2930.52	4.63776
2931.83	4.76356
2933.13	4.49775
2934.44	4.56741
2935.74	4.69305
2937.05	5.00048
2938.35	4.80497
2939.66	4.77738
2940.96	4.63843
2942.26	4.31849
2943.57	4.51657
2944.87	4.0308
2946.18	3.7694
2947.48	4.02596
2948.78	3.49873
2950.08	3.53034
2951.39	3.50463
2952.69	3.65952
2953.99	3.46328
2955.29	3.54677
2956.59	3.44894
2957.9	2.94674
2959.2	3.28641
2960.5	2.99806
2961.8	3.11743
2963.1	3.23759
2964.4	2.80998
2965.7	2.73199
2967	2.73704
2968.3	2.37559
2969.6	2.43526
2970.9	2.49487
2972.19	2.37184
2973.49	2.6571
2974.79	2.1824
2976.09	2.03085
2977.39	2.28672
2978.68	2.13304
2979.98	1.97815
2981.28	2.14604
2982.58	1.59606
2983.87	1.76378
2985.17	1.67918
2986.47	1.73621
2987.76	1.68189
2989.06	1.51587
2990.35	1.44842
2991.65	1.61956
2992.94	1.4105
2994.24	1.07414
2995.53	1.10237
2996.83	1.2143
2998.12	0.764658
2999.42	0.876662
3000.71	0.904816
3002	0.596964
3003.3	0.83609
3004.59	0.556849
3005.88	0.361639
3007.18	0.348162
3008.47	0.879807
3009.76	0.725078
3011.05	0.639891
3012.34	0.680181
3013.64	0.106589
3014.93	0.161454
3016.22	0.383874
3017.51	0.258481
3018.8	0.119679
3020.09	-0.144067
3021.38	0.287169
3022.67	0.0228372
3023.96	0.285616
3025.25	0.270133
3026.54	0.199132
3027.83	0.045567
3029.12	0.0450997
3030.41	-0.0234518
3031.69	-0.146183
3032.98	0.284093
3034.27	0.0932894
3035.56	0.316145
3036.84	0.303518
3038.13	-0.0822587
3039.42	0.247074
3040.71	0.0935297
3041.99	0.28291
3043.28	0.197609
3044.57	-0.0921917
3045.85	0.166699
3047.14	0.344602
3048.42	0.250857
3049.71	-0.10063
3050.99	-0.0415115
3052.28	0.209201
3053.56	0.118813
3054.85	0.0280375
3056.13	-0.0633507
3057.41	0.0763845
3058.7	0.0383534
3059.98	0.408679
3061.26	0.0304008
3062.55	0.0476127
3063.83	0.0793395
3065.11	0.479164
3066.39	0.0914383
3067.68	0.193837
3068.96	0.0925784
3070.24	0.0727606
3071.52	0.147602
3072.8	0.194445
3074.08	0.0637155
3075.36	-0.312076
3076.65	-0.0358191
3077.93	0.294723
3079.21	0.0151763
3080.49	-0.276756
3081.77	0.151318
3083.04	0.0105238
3084.32	0.222974
3085.6	0.218448
3086.88	0.281497
3088.16	-0.253134
3089.44	-0.231668
3090.72	-0.0204959
3091.99	-0.0943689
3093.27	0.171009
3094.55	-0.0110016
3095.83	0.092001
3097.1	0.384844
3098.38	0.081214
3099.66	0.14351
3100.93	0.151559
3102.21	-0.0976243
3103.49	0.330468
3104.76	0.0142837
3106.04	0.0100031
3107.31	-0.101903
3108.59	-0.131907
3109.86	-0.472531
3111.14	0.108034
3112.41	0.540543
3113.69	0.0793781
3114.96	-0.01613
3116.23	0.186381
3117.51	0.252826
3118.78	0.372835
3120.05	0.261547
3121.33	0.203938
3122.6	-0.0301671
3123.87	0.0744743
3125.14	0.0437951
3126.41	0.39243
3127.69	0.200054
3128.96	0.265173
3130.23	0.141233
3131.5	-0.077117
3132.77	0.218099
3134.04	-0.311004
3135.31	0.280586
3136.58	0.237098
3137.85	0.341667
3139.12	0.24381
3140.39	-0.123157
3141.66	0.653675
3142.93	0.435132
3144.2	0.418698
3145.47	0.349107
3146.74	0.266718
3148	0.399266
3149.27	0.304503
