200.423	0.889767
202.238	0.917955
204.052	0.947263
205.868	-0.214337
207.682	1.12923
209.495	0.599821
211.308	0.652591
213.12	0.291191
214.935	0.680981
216.746	0.487725
218.558	0.246204
220.369	0.0780668
222.18	-0.331026
223.992	0.542415
225.802	-0.155383
227.612	0.21023
229.421	-0.125214
231.23	-0.316213
233.039	0.553959
234.849	0.410808
236.657	0.365223
238.465	0.586657
240.272	-0.0814562
242.079	0.3613
243.885	-0.111104
245.691	-0.342772
247.497	-0.238147
249.305	0.0571518
251.11	0.47006
252.915	0.614441
254.719	1.55286
256.523	0.319813
258.327	-0.0438194
260.13	0.244703
261.933	-0.428755
263.736	-0.811717
265.538	0.589075
267.34	-0.0819807
269.141	0.210496
270.943	0.405758
272.744	0.648061
274.544	0.792432
276.344	0.260088
278.144	-0.0569677
279.944	0.635851
281.743	-0.335015
283.542	0.232911
285.34	0.173678
287.138	0.0657053
288.936	0.245556
290.733	0.114244
292.53	0.0560837
294.327	0.0472107
296.123	0.852533
297.919	-0.444986
299.715	0.194017
301.508	0.235243
303.303	0.466599
305.098	-0.496727
306.892	0.305002
308.686	-0.0148611
310.479	0.642879
312.273	0.0626459
314.065	0.746227
315.858	0.145595
317.648	0.499078
319.44	0.187131
321.231	0.686328
323.022	-0.17255
324.813	0.423465
326.604	0.0174379
328.392	-0.0310383
330.181	0.20665
331.971	0.515186
333.76	0.43946
335.548	0.457318
337.335	0.113972
339.123	0.582113
340.91	0.235291
342.698	0.126934
344.483	0.998172
346.269	0.244988
348.055	0.233117
349.841	1.05722
351.625	0.0908766
353.41	0.0311804
355.195	-0.339593
356.977	-0.0675373
358.762	0.465121
360.545	0.305351
362.329	0.501823
364.11	-0.301454
365.893	0.226315
367.675	0.420068
369.455	0.39917
371.237	0.116899
373.017	-0.0708208
374.798	0.56863
376.578	-0.0444727
378.357	0.0751896
380.137	0.619433
381.917	0.316433
383.694	0.132678
385.473	0.0443554
387.249	-0.348276
389.028	-0.152394
390.806	0.232134
392.581	0.593795
394.359	0.157549
396.134	0.167817
397.91	0.0137625
399.684	0.235294
401.46	-0.436123
403.234	0.0192757
405.009	0.333018
406.784	0.364172
408.557	0.559048
410.331	0.0258465
412.103	0.149963
413.876	-0.0541096
415.647	-0.140228
417.42	-0.225641
419.191	-0.0523939
420.961	0.00376129
422.733	0.0831852
424.502	0.443687
426.273	0.474685
428.042	0.270105
429.812	0.135509
431.58	0.634579
433.35	-0.767153
435.118	0.10797
436.885	0.302453
438.653	0.120794
440.42	0.501
442.188	0.363057
443.954	-0.198777
445.719	0.175466
447.486	-0.481869
449.251	-0.343431
451.015	0.589176
452.781	0.11985
454.545	-0.208552
456.308	0.209368
458.073	-0.0023098
459.836	0.344875
461.598	0.180569
463.362	-0.168073
465.124	-0.305216
466.885	-0.207479
468.648	0.404046
470.408	-0.0983744
472.169	-0.205201
473.929	0.502092
475.69	-0.0493345
477.45	0.352064
479.208	0.192695
480.967	-0.130647
482.727	0.454485
484.485	-0.147167
486.243	0.720398
488	0.471913
489.759	-0.124756
491.515	0.632513
493.272	0.690813
495.028	0.0946178
496.783	-0.690035
498.54	-0.0940151
500.295	1.3938
502.05	-0.050272
503.804	0.311156
505.558	0.484011
507.311	0.27953
509.064	0.943852
510.819	0.736401
512.572	0.0802593
514.324	0.293357
516.076	0.128736
517.827	1.02137
519.578	1.04259
521.329	0.0291977
523.08	0.120129
524.83	-0.0943575
526.58	0.418589
528.329	0.462097
530.08	0.552339
531.829	-0.247903
533.578	0.0522432
535.326	0.257383
537.074	0.180481
538.821	0.639415
540.568	1.30613
542.315	-0.00938988
544.062	0.841495
545.808	0.0869818
547.554	0.239586
549.299	0.577527
551.044	0.266558
552.789	0.164636
554.533	0.594571
556.278	0.146733
558.019	-0.599625
559.763	-0.28435
561.506	0.422199
563.249	0.714129
564.991	0.0408239
566.733	0.264882
568.475	0.673091
570.217	-0.226109
571.958	0.0695114
573.699	0.733541
575.439	0.344012
577.177	-0.0440664
578.917	-0.201629
580.656	-0.312696
582.396	0.426473
584.134	-0.0985441
585.873	-0.141916
587.609	0.342681
589.347	-0.462044
591.084	-0.00226402
592.822	0.342018
594.558	0.13398
596.295	0.823264
598.029	0.339186
599.765	0.176906
601.5	0.0599241
603.235	0.14885
604.968	0.236417
606.703	0.483551
608.437	0.247397
610.171	0.0113916
611.902	0.533045
613.635	0.0919704
615.368	0.201957
617.099	-0.0316
618.831	-0.357015
620.563	-0.0878897
622.294	0.431487
624.024	0.0578442
625.755	0.301483
627.485	-0.344605
629.213	0.243974
630.943	0.514949
632.673	0.148925
634.4	0.194646
636.129	0.0118742
637.855	0.626548
639.584	0.576721
641.312	0.455721
643.037	-0.0320215
644.764	0.231297
646.491	-0.165298
648.216	0.235969
649.942	0.298782
651.666	-0.498354
653.392	0.162264
655.115	-0.0150089
656.84	0.128262
658.563	0.728599
660.287	-0.0391846
662.011	-0.0104685
663.732	0.747571
665.456	0.24671
667.177	0.201136
668.899	-0.668522
670.62	0.154854
672.342	0.293918
674.061	0.595652
675.781	0.326863
677.502	0.19642
679.22	0.73193
680.941	0.508979
682.659	0.0539541
684.379	0.17195
686.096	1.02515
687.815	0.495362
689.532	0.263863
691.248	0.308105
692.966	0.489996
694.682	0.648163
696.4	0.367853
698.115	0.13267
699.829	0.724944
701.546	0.602618
703.26	0.502556
704.974	0.792428
706.689	0.874834
708.402	1.09433
710.115	1.15272
711.83	1.34802
713.542	0.81075
715.254	1.09695
716.967	0.58347
718.679	0.367565
720.39	0.949913
722.102	1.53141
723.812	1.27015
725.522	0.918297
727.232	0.634946
728.943	1.23673
730.652	0.93014
732.361	1.34855
734.069	0.86092
735.779	0.984583
737.487	1.1761
739.194	1.02951
740.901	0.861546
742.608	1.52842
744.316	1.29526
746.022	1.28874
747.728	1.46354
749.433	1.52711
751.138	1.11962
752.843	1.29817
754.549	1.65807
756.254	1.14193
757.957	0.671847
759.661	1.03616
761.364	1.01873
763.067	0.550529
764.769	1.84264
766.471	1.62165
768.175	0.697903
769.877	1.55786
771.578	1.03676
773.279	1.62235
774.98	1.52907
776.68	1.59456
778.38	1.48038
780.079	1.66163
781.779	1.007
783.478	1.23473
785.176	2.27652
786.875	2.13914
788.573	1.31975
790.27	1.85513
791.968	0.940697
793.665	1.38117
795.361	1.68518
797.058	1.22317
798.754	1.61921
800.45	1.70134
802.145	1.3798
803.84	1.80132
805.535	1.52552
807.23	1.1818
808.922	1.57847
810.616	2.04086
812.309	1.80652
814.002	1.63922
815.695	1.91969
817.388	1.48388
819.08	1.78639
820.772	1.64195
822.464	1.96666
824.153	2.15788
825.844	1.94912
827.535	1.85397
829.225	1.89511
830.915	1.93915
832.605	1.96368
834.292	1.00949
835.981	1.2819
837.67	1.57681
839.359	1.62537
841.047	1.02473
842.732	1.56199
844.42	1.74145
846.107	1.2734
847.794	1.47743
849.479	1.57203
851.165	1.28842
852.851	1.76816
854.534	1.17276
856.22	0.912906
857.905	1.01131
859.589	1.08591
861.272	1.40668
862.956	1.50103
864.639	1.09845
866.321	0.672207
868.004	1.23732
869.687	1.37375
871.367	1.1039
873.049	0.924016
874.731	1.30811
876.41	0.699361
878.092	1.19639
879.771	1.30973
881.451	1.26473
883.131	0.948173
884.809	0.495226
886.489	1.07941
888.166	1.03014
889.845	1.36285
891.522	1.04025
893.2	0.987121
894.878	1.04552
896.554	0.698222
898.231	1.20407
899.906	0.900455
901.583	1.0673
903.258	0.987109
904.934	0.839869
906.608	1.3182
908.283	0.904145
909.956	1.15993
911.631	0.81531
913.304	1.73884
914.976	0.773616
916.65	1.67364
918.322	0.48866
919.995	1.32087
921.666	0.581424
923.339	-0.155832
925.009	0.81021
926.679	0.84944
928.351	0.713555
930.021	1.21879
931.692	1.0405
933.361	1.45814
935.029	0.905319
936.699	1.34547
938.367	1.19088
940.035	1.27999
941.704	0.576085
943.371	1.28473
945.038	0.912113
946.706	0.891558
948.372	0.913527
950.038	0.933786
951.705	0.732292
953.37	1.10437
955.035	1.23507
956.7	0.816963
958.366	0.79861
960.03	1.33452
961.693	0.724011
963.357	1.28408
965.021	0.892316
966.684	0.719063
968.346	0.454774
970.008	1.27271
971.67	1.40385
973.334	1.46898
974.995	1.02682
976.655	0.873775
978.316	1.27507
979.976	1.25677
981.638	1.23813
983.297	0.952587
984.957	0.975189
986.616	1.10657
988.274	1.05922
989.932	1.34243
991.59	1.84571
993.248	0.0069828
994.907	0.775237
996.565	0.947044
998.221	0.435111
999.878	1.00334
1001.53	0.689635
1003.19	0.39797
1004.85	1.62382
1006.5	0.166794
1008.16	0.534601
1009.81	0.353558
1011.46	0.633653
1013.12	0.0152159
1014.77	0.865388
1016.43	1.8463
1018.08	1.09811
1019.73	0.76691
1021.38	1.07092
1023.04	0.785591
1024.69	0.632369
1026.34	1.00415
1027.99	1.15739
1029.64	1.17893
1031.29	1.37406
1032.94	2.41893
1034.59	2.2174
1036.24	3.27923
1037.89	2.98785
1039.54	4.6994
1041.19	4.36448
1042.84	5.72708
1044.48	6.65594
1046.13	6.89176
1047.78	6.2615
1049.42	5.80733
1051.07	5.572
1052.72	4.70764
1054.36	3.9303
1056.01	2.45708
1057.66	2.56988
1059.3	2.00817
1060.94	2.16325
1062.59	1.53473
1064.23	0.274806
1065.88	1.23171
1067.52	1.2961
1069.16	1.09881
1070.81	0.597023
1072.45	1.61501
1074.09	0.636364
1075.73	0.722172
1077.38	0.592233
1079.02	0.376678
1080.66	0.638867
1082.3	0.337263
1083.94	0.295145
1085.58	0.815274
1087.22	0.358208
1088.86	0.722685
1090.5	0.522528
1092.13	0.926918
1093.77	0.595821
1095.41	0.0713005
1097.05	0.992687
1098.68	0.599848
1100.32	0.747239
1101.96	0.207588
1103.6	0.250642
1105.23	0.595931
1106.87	0.68356
1108.5	0.276304
1110.14	0.0617781
1111.77	0.770255
1113.41	0.660363
1115.04	0.163053
1116.67	0.738517
1118.31	0.155613
1119.94	0.688094
1121.58	0.899625
1123.21	0.705253
1124.84	0.447725
1126.47	0.811389
1128.1	0.491263
1129.73	0.791923
1131.37	0.387506
1133	0.646115
1134.63	0.754943
1136.26	0.157889
1137.89	0.350782
1139.52	0.39301
1141.14	0.626468
1142.77	0.581821
1144.4	0.324033
1146.03	0.173648
1147.66	0.493021
1149.29	0.642503
1150.91	0.47284
1152.54	0.175494
1154.17	0.0696115
1155.79	-0.164248
1157.42	-0.121492
1159.04	0.219284
1160.67	-0.0986223
1162.3	0.349917
1163.92	-0.200051
1165.55	0.0583611
1167.17	-0.427596
1168.79	0.0423641
1170.42	0.000666618
1172.04	0.254817
1173.66	0.273634
1175.28	0.524722
1176.91	0.393359
1178.53	-0.0341969
1180.15	0.640134
1181.77	0.045105
1183.39	0.71985
1185.01	0.548678
1186.63	0.165759
1188.25	0.161819
1189.87	0.177311
1191.49	0.170103
1193.11	-0.300929
1194.73	-0.0155096
1196.35	0.122346
1197.97	0.449016
1199.59	0.671789
1201.2	0.311115
1202.82	0.182959
1204.44	0.724963
1206.05	0.266981
1207.67	0.915983
1209.29	0.355236
1210.9	0.169389
1212.52	0.357516
1214.13	0.606112
1215.75	0.581734
1217.36	1.22148
1218.97	0.238098
1220.59	0.543683
1222.2	0.185582
1223.82	0.55438
1225.43	0.716825
1227.04	1.12869
1228.65	0.465866
1230.26	0.259521
1231.88	0.798442
1233.49	0.883511
1235.1	1.42434
1236.71	1.11888
1238.32	1.35176
1239.93	1.75078
1241.54	1.05395
1243.15	0.935764
1244.76	0.899616
1246.37	1.66959
1247.97	1.83854
1249.58	0.910142
1251.19	1.32635
1252.8	1.22551
1254.41	1.37351
1256.01	1.43975
1257.62	1.58988
1259.23	1.49283
1260.83	1.27235
1262.44	0.907187
1264.04	1.72255
1265.65	1.00465
1267.25	1.30134
1268.86	1.36927
1270.46	1.18745
1272.07	1.33641
1273.67	1.42221
1275.27	1.27906
1276.88	1.38378
1278.48	1.32197
1280.08	1.1561
1281.68	1.07287
1283.28	1.42423
1284.89	1.21743
1286.49	1.65241
1288.09	1.3854
1289.69	1.40863
1291.29	1.59762
1292.89	1.35261
1294.49	1.95399
1296.09	1.64518
1297.69	1.50024
1299.29	1.84907
1300.88	1.61875
1302.48	1.7996
1304.08	1.73225
1305.68	0.883112
1307.27	1.98631
1308.87	1.52771
1310.47	1.78734
1312.06	1.51449
1313.66	1.67234
1315.25	1.23822
1316.85	1.37738
1318.44	1.3536
1320.04	0.942419
1321.63	1.14221
1323.23	1.48275
1324.82	1.21119
1326.41	2.29917
1328.01	1.64021
1329.6	2.13756
1331.19	1.68464
1332.78	1.67923
1334.38	1.93837
1335.97	1.69425
1337.56	1.53161
1339.15	1.61045
1340.74	2.03009
1342.33	1.92379
1343.92	1.99673
1345.51	1.24529
1347.1	1.35795
1348.69	1.67214
1350.28	1.60773
1351.87	1.22575
1353.46	1.30583
1355.04	1.30709
1356.63	1.80825
1358.22	0.750589
1359.81	1.01077
1361.39	1.52925
1362.98	1.44798
1364.57	1.32657
1366.15	1.14574
1367.74	0.388283
1369.32	0.767133
1370.91	0.709104
1372.49	1.2492
1374.07	0.954515
1375.66	0.919097
1377.24	1.06285
1378.83	1.52456
1380.41	1.24911
1381.99	1.07204
1383.57	0.754707
1385.16	0.893934
1386.74	0.595535
1388.32	1.07198
1389.9	1.35008
1391.48	1.15254
1393.06	0.856627
1394.64	0.640527
1396.22	1.01924
1397.8	0.405993
1399.38	1.29829
1400.96	0.861962
1402.54	0.48495
1404.12	0.80073
1405.7	1.25501
1407.28	1.13645
1408.85	1.21631
1410.43	1.29657
1412.01	1.08057
1413.58	1.45637
1415.16	1.614
1416.74	0.82409
1418.31	0.84277
1419.89	1.29506
1421.46	1.74785
1423.04	1.23721
1424.61	1.14158
1426.19	1.14548
1427.76	1.48448
1429.33	2.2366
1430.91	1.84627
1432.48	1.43527
1434.05	1.81048
1435.63	2.02769
1437.2	1.65512
1438.77	2.24656
1440.34	2.24913
1441.91	1.95784
1443.49	1.62791
1445.05	2.2417
1446.63	1.73537
1448.2	2.40854
1449.77	1.98117
1451.34	1.9277
1452.91	2.2877
1454.47	1.60565
1456.04	1.96606
1457.61	2.30636
1459.18	1.89766
1460.75	1.42835
1462.31	1.90186
1463.88	1.90154
1465.45	1.11399
1467.01	2.17346
1468.58	1.6418
1470.15	1.50395
1471.71	1.42606
1473.28	1.15305
1474.84	1.46912
1476.41	0.628664
1477.97	1.33727
1479.54	1.16355
1481.1	0.695775
1482.66	1.20789
1484.23	1.07315
1485.79	1.52584
1487.35	1.488
1488.91	1.42941
1490.48	1.29093
1492.04	1.75675
1493.6	1.51652
1495.16	1.13857
1496.72	1.18919
1498.28	0.830794
1499.84	1.07626
1501.4	1.28324
1502.96	0.637547
1504.52	0.439495
1506.08	0.687263
1507.64	1.16611
1509.2	1.25671
1510.76	0.825046
1512.31	0.721278
1513.87	1.13709
1515.43	0.629316
1516.99	0.987236
1518.54	0.961449
1520.1	1.14698
1521.66	0.509485
1523.21	0.695007
1524.77	0.59307
1526.32	0.700258
1527.88	1.05391
1529.43	0.740553
1530.99	0.617931
1532.54	0.875278
1534.09	0.867597
1535.65	0.577106
1537.2	0.760418
1538.75	0.792947
1540.31	0.825737
1541.86	0.971583
1543.41	0.815937
1544.96	1.28086
1546.51	1.35023
1548.06	0.818874
1549.62	0.794648
1551.17	0.770628
1552.72	1.04638
1554.27	1.07946
1555.82	1.03898
1557.36	0.664102
1558.91	0.627056
1560.46	0.666234
1562.01	1.1358
1563.56	0.87878
1565.11	0.752814
1566.66	0.850845
1568.2	0.986029
1569.75	0.598269
1571.3	0.844801
1572.84	1.05377
1574.39	0.833267
1575.93	1.47148
1577.48	1.10181
1579.02	1.08717
1580.57	1.16641
1582.11	1.00356
1583.66	1.08421
1585.2	0.642255
1586.75	0.92951
1588.29	1.42288
1589.83	1.20542
1591.38	1.13716
1592.92	1.34932
1594.46	1.95468
1596	1.88593
1597.54	0.880382
1599.09	0.868378
1600.63	1.53226
1602.17	1.55908
1603.71	1.36058
1605.25	1.53705
1606.79	1.20505
1608.33	1.37869
1609.87	1.88863
1611.41	1.26891
1612.95	0.66673
1614.48	1.02131
1616.02	1.16873
1617.56	0.941458
1619.1	0.846536
1620.64	1.3335
1622.17	1.14732
1623.71	1.42995
1625.25	1.69383
1626.78	1.71364
1628.32	0.815559
1629.86	1.50653
1631.39	1.05579
1632.92	1.27762
1634.46	1.31276
1635.99	1.19929
1637.53	1.29185
1639.06	1.6459
1640.59	1.55247
1642.13	1.83115
1643.66	1.49412
1645.19	1.77048
1646.73	1.48777
1648.26	1.42815
1649.79	1.75887
1651.32	1.64465
1652.85	2.051
1654.38	1.60517
1655.92	1.69774
1657.45	1.71609
1658.98	1.71522
1660.51	1.36148
1662.04	1.74686
1663.57	1.3173
1665.09	1.81141
1666.62	1.97282
1668.15	1.36038
1669.68	1.7822
1671.21	1.68908
1672.73	0.970738
1674.26	1.13712
1675.79	1.46892
1677.31	1.26611
1678.84	1.06253
1680.37	1.37304
1681.89	1.03941
1683.42	1.12824
1684.94	1.10691
1686.47	1.25093
1687.99	0.900302
1689.52	1.31978
1691.04	1.39116
1692.57	0.693918
1694.09	1.05821
1695.61	0.964939
1697.14	0.670549
1698.66	1.05187
1700.18	0.684108
1701.7	0.845277
1703.22	0.969275
1704.75	0.546287
1706.27	0.560282
1707.79	0.901228
1709.31	0.315166
1710.83	0.837194
1712.35	0.832636
1713.87	0.52022
1715.39	0.31698
1716.91	0.729015
1718.43	0.326963
1719.95	0.178333
1721.46	0.336803
1722.98	0.603634
1724.5	0.294376
1726.02	0.184615
1727.53	0.310018
1729.05	0.328167
1730.57	-0.135606
1732.08	0.580441
1733.6	0.665224
1735.12	0.722364
1736.63	-0.0856075
1738.15	-0.270146
1739.66	0.4029
1741.18	0.120279
1742.69	-0.0391221
1744.21	-0.0409403
1745.72	-0.0408659
1747.23	0.36496
1748.74	0.427315
1750.26	0.316662
1751.77	0.206171
1753.28	0.509548
1754.8	0.2871
1756.31	0.13754
1757.82	0.0825863
1759.33	-0.0863848
1760.84	0.451159
1762.35	0.0370283
1763.86	-0.334913
1765.37	0.197412
1766.88	0.22804
1768.39	-0.220902
1769.9	0.321105
1771.41	0.193907
1772.92	0.18926
1774.43	0.63176
1775.93	0.531001
1777.44	0.295222
1778.95	0.0452213
1780.46	0.191356
1781.96	0.150448
1783.47	0.292728
1784.98	0.0479369
1786.48	0.485061
1787.99	0.209457
1789.49	0.389236
1791	0.266979
1792.5	0.252287
1794.01	0.153542
1795.51	-0.0394764
1797.02	0.119804
1798.52	0.29848
1800.03	0.0998931
1801.53	0.0376263
1803.03	0.100938
1804.53	0.297708
1806.04	0.0871506
1807.54	-0.0632558
1809.04	-0.0545211
1810.54	0.274102
1812.04	0.0743904
1813.54	0.0273471
1815.05	0.125717
1816.55	0.195817
1818.05	0.462195
1819.55	0.0693746
1821.05	0.275493
1822.55	0.297198
1824.05	0.038887
1825.54	0.156433
1827.04	-0.0270429
1828.54	-0.108111
1830.04	0.0954576
1831.54	-0.0522294
1833.03	0.133707
1834.53	0.158538
1836.03	-0.0503478
1837.52	0.0683136
1839.02	-0.156053
1840.52	-0.0819988
1842.01	0.423257
1843.51	0.114692
1845	0.165578
1846.5	0.0788822
1847.99	0.225551
1849.49	0.249308
1850.98	0.0583172
1852.47	0.107802
1853.97	-0.428274
1855.46	0.27725
1856.95	0.0884905
1858.45	0.00787449
1859.94	0.0446229
1861.43	0.30129
1862.92	0.271297
1864.41	0.00788021
1865.91	0.272652
1867.4	0.224065
1868.89	0.415208
1870.38	0.261387
1871.87	0.155995
1873.36	0.220072
1874.85	0.286609
1876.34	0.00555277
1877.83	0.202003
1879.31	-0.0887332
1880.8	0.294584
1882.29	0.163862
1882.56	0.114284
1884.05	0.026278
1885.54	0.146806
1887.04	-0.25599
1888.53	-0.380232
1890.03	-0.0518303
1891.52	0.0857573
1893.01	0.224559
1894.5	0.434369
1895.99	0.436843
1897.49	0.0400081
1898.98	0.199552
1900.47	-0.320183
1901.96	0.272141
1903.45	0.132378
1904.94	0.200141
1906.43	-0.167151
1907.92	0.125795
1909.41	0.366885
1910.9	0.10539
1912.39	0.104981
1913.88	0.261118
1915.37	0.243863
1916.86	0.122314
1918.35	0.0697169
1919.84	0.103424
1921.32	0.0331182
1922.81	0.499979
1924.3	-0.140621
1925.78	0.0507789
1927.27	0.416158
1928.76	0.297332
1930.24	0.247703
1931.73	0.301294
1933.21	0.128577
1934.7	0.214137
1936.18	0.332854
1937.67	0.242975
1939.15	-0.227276
1940.64	0.0458145
1942.12	0.14669
1943.6	0.196577
1945.09	0.160908
1946.57	0.142802
1948.05	0.245142
1949.54	0.226204
1951.02	0.309765
1952.5	0.0483308
1953.98	0.182265
1955.46	0.0582128
1956.94	0.192223
1958.42	-0.0509386
1959.91	-0.396186
1961.39	0.150924
1962.87	-0.244956
1964.34	-0.263734
1965.82	0.487708
1967.3	-0.268326
1968.78	-0.0661378
1970.26	-0.0356054
1971.74	0.19964
1973.22	-0.128737
1974.7	0.242712
1976.17	0.0513439
1977.65	-0.0374293
1979.13	0.12931
1980.6	-0.282526
1982.08	-0.0990129
1983.56	-0.153795
1985.03	0.113729
1986.51	0.0753636
1987.98	0.375975
1989.46	0.456262
1990.93	-0.122968
1992.41	0.0772519
1993.88	0.447133
1995.36	0.276631
1996.83	0.343112
1998.3	0.206859
1999.78	0.120984
2001.25	0.220303
2002.72	0.403458
2004.2	-0.121706
2005.67	-0.039494
2007.14	0.0937729
2008.61	0.345585
2010.08	0.311799
2011.55	0.14379
2013.02	0.329312
2014.49	0.514422
2015.97	0.362311
2017.43	0.175898
2018.9	0.308359
2020.37	0.541055
2021.84	0.0848751
2023.31	0.401536
2024.78	0.466913
2026.25	0.264871
2027.72	0.0473199
2029.19	0.250301
2030.65	0.169226
2032.12	0.307057
2033.59	0.243914
2035.05	0.415819
2036.52	-0.0844388
2037.98	-0.0813093
2039.45	0.3753
2040.92	0.327747
2042.38	0.398199
2043.85	0.570238
2045.31	-0.0813532
2046.78	0.260349
2048.24	0.114149
2049.71	0.220335
2051.17	0.477526
2052.63	0.0421171
2054.1	0.735106
2055.56	0.414745
2057.02	0.430533
2058.48	0.058095
2059.95	0.443799
2061.41	0.189735
2062.87	0.525641
2064.33	0.256377
2065.79	0.0721378
2067.25	0.157838
2068.71	0.0925426
2070.17	0.465146
2071.63	0.265484
2073.09	0.301381
2074.55	0.370747
2076.01	0.423002
2077.47	0.491798
2078.93	0.762336
2080.39	0.577806
2081.85	0.460186
2083.3	0.544038
2084.76	0.694534
2086.22	0.507871
2087.68	0.522609
2089.13	0.654625
2090.59	0.450394
2092.05	0.733167
2093.5	0.377945
2094.96	0.593075
2096.41	1.05892
2097.87	0.501937
2099.32	0.514238
2100.78	0.67676
2102.23	0.922776
2103.69	0.701616
2105.14	0.782236
2106.59	0.830608
2108.05	0.729743
2109.5	0.545833
2110.95	0.811638
2112.41	0.926146
2113.86	1.07235
2115.31	1.0339
2116.76	1.09448
2118.21	0.906096
2119.67	0.918357
2121.12	0.998638
2122.57	0.881531
2124.02	1.23003
2125.47	1.065
2126.92	0.999238
2128.37	1.36359
2129.82	0.91454
2131.27	1.04442
2132.71	0.9252
2134.16	1.18657
2135.61	1.34917
2137.06	1.31462
2138.51	1.3809
2139.95	1.41582
2141.4	1.2208
2142.85	1.40705
2144.29	1.94143
2145.74	1.88056
2147.19	1.80279
2148.63	1.77406
2150.08	2.02612
2151.52	1.66427
2152.97	2.04707
2154.42	1.6835
2155.86	1.88282
2157.3	2.09875
2158.75	1.90124
2160.19	2.05285
2161.64	2.22278
2163.08	2.46094
2164.52	2.15339
2165.96	2.01225
2167.41	1.93725
2168.85	2.0939
2170.29	2.19911
2171.73	1.953
2173.17	1.97119
2174.61	2.18768
2176.06	2.08758
2177.5	2.17062
2178.94	2.05487
2180.38	1.98992
2181.82	2.04219
2183.26	1.96197
2184.7	1.71566
2186.14	2.06823
2187.57	1.87184
2189.01	1.74199
2190.45	1.99492
2191.89	1.81482
2193.33	2.11683
2194.76	1.43526
2196.2	1.91743
2197.64	1.5156
2199.08	1.64472
2200.51	1.93887
2201.95	1.40235
2203.38	1.43126
2204.82	1.64352
2206.25	1.59133
2207.69	1.15863
2209.12	1.18978
2210.56	1.55123
2211.99	1.38205
2213.43	1.36118
2214.86	1.40631
2216.3	1.36939
2217.73	0.888103
2219.16	1.29882
2220.59	1.41326
2222.03	1.21459
2223.46	1.04837
2224.89	1.06221
2226.32	1.25554
2227.75	1.15116
2229.19	1.14439
2230.62	0.940082
2232.05	0.703283
2233.48	1.05649
2234.91	1.13165
2236.34	0.488884
2237.77	0.746322
2239.2	0.809237
2240.63	1.0043
2242.06	0.890956
2243.48	0.811301
2244.91	0.568815
2246.34	1.1087
2247.77	0.913195
2249.2	0.585534
2250.62	0.45187
2252.05	0.365817
2253.48	0.669519
2254.9	0.729221
2256.33	0.562781
2257.76	0.528314
2259.18	0.820687
2260.61	0.580101
2262.03	0.455022
2263.46	0.526011
2264.88	0.564802
2266.31	0.456984
2267.73	0.54362
2269.16	0.662113
2270.58	0.584665
2272	0.40906
2273.43	0.852118
2274.85	0.497238
2276.27	0.288998
2277.69	0.439357
2279.12	0.834385
2280.54	0.283771
2281.96	0.303654
2283.38	0.127695
2284.8	0.0659175
2286.22	0.542939
2287.64	0.465385
2289.07	0.33914
2290.49	0.262142
2291.91	0.479552
2293.32	0.206609
2294.74	0.211557
2296.16	0.396497
2297.58	0.237658
2299	0.422761
2300.42	0.231212
2301.84	0.613632
2303.26	0.406043
2304.67	0.641565
2306.09	0.154632
2307.51	0.159876
2308.92	0.230441
2310.34	0.317037
2311.76	0.0579357
2313.17	0.177097
2314.59	-0.0160789
2316	0.351037
2317.42	0.406096
2318.83	0.31321
2320.25	0.302488
2321.66	0.373358
2323.08	0.36021
2324.49	0.279152
2325.91	0.377794
2327.32	0.771812
2328.73	0.818683
2330.15	0.602138
2331.56	0.238391
2332.97	0.221442
2334.38	0.139361
2335.79	0.172657
2337.21	0.304245
2338.62	-0.107563
2340.03	0.17024
2341.44	0.299186
2342.85	0.247045
2344.26	-0.0674405
2345.67	-0.0862975
2347.08	-0.0393987
2348.49	0.105672
2349.9	0.3484
2351.31	0.279573
2352.72	-0.2799
2354.13	-0.0721993
2355.53	0.264954
2356.94	-0.00130415
2358.35	0.0745382
2359.76	0.0690832
2361.17	0.372074
2362.57	0.18803
2363.98	-0.0442972
2365.39	0.128281
2366.79	-0.0064168
2368.2	0.19867
2369.6	-0.144236
2371.01	0.0946984
2372.42	0.0605016
2373.82	-0.0855961
2375.22	-0.215185
2376.63	-0.232332
2378.03	0.0391498
2379.44	-0.028357
2380.84	0.0474267
2382.25	0.0257363
2383.65	-0.0926833
2385.05	0.220872
2386.45	0.198504
2387.86	0.176904
2389.26	-0.00313663
2390.66	-0.181879
2392.06	0.245493
2393.46	0.00487423
2394.87	0.226358
2396.27	0.30514
2397.67	0.27313
2399.07	0.241604
2400.47	0.131057
2401.87	0.306698
2403.27	0.0217633
2404.67	-0.152221
2406.07	0.197036
2407.47	0.323169
2408.86	0.115507
2410.26	0.161412
2411.66	0.25498
2413.06	0.349125
2414.46	0.0642772
2415.85	-0.0451803
2417.25	0.258014
2418.65	0.118642
2420.05	0.169551
2421.44	0.125335
2422.84	0.04914
2424.23	0.0202394
2425.63	0.371699
2427.03	0.216517
2428.42	0.188785
2429.82	0.431408
2431.21	0.00838327
2432.6	-0.0815644
2434	-0.0131783
2435.39	-0.199811
2436.79	0.025465
2438.18	0.154245
2439.57	-0.0198398
2440.97	0.408894
2442.36	0.0114489
2443.75	0.169455
2445.14	0.00996923
2446.54	0.104164
2447.93	0.0713911
2449.32	0.101999
2450.71	0.116924
2452.1	0.068954
2453.49	-0.184075
2454.88	0.0224447
2456.27	0.292721
2457.66	0.0095849
2459.05	0.13759
2460.44	0.265107
2461.83	0.107333
2463.22	0.265128
2464.61	-0.114825
2466	-0.00513506
2467.39	-0.13239
2468.77	0.103322
2470.16	-0.0398417
2471.55	0.226604
2472.94	0.114131
2474.32	0.127131
2475.71	0.076683
2477.1	0.214625
2478.48	-0.0717068
2479.87	0.270216
2481.25	0.204073
2482.64	0.106639
2484.02	0.0716062
2485.41	0.223603
2486.8	0.20254
2488.18	0.0558152
2489.56	0.438722
2490.95	0.0267901
2492.33	0.409067
2493.72	0.0305161
2495.1	-0.0669889
2496.48	0.0691371
2497.86	-0.11954
2499.25	-0.0755863
2500.63	-0.124758
2502.01	0.211905
2503.39	0.161194
2504.77	-0.291167
2506.16	0.39713
2507.54	0.0217795
2508.92	0.216174
2510.3	-0.173071
2511.68	0.0679803
2513.06	0.125256
2514.44	0.0759053
2515.82	0.165068
2517.2	0.331209
2518.58	-0.0374928
2519.95	-0.161191
2521.33	0.249573
2522.71	0.140384
2524.09	0.122191
2525.47	-0.0641809
2526.84	-0.113401
2528.22	-0.268735
2529.6	0.0331445
2530.98	-0.22642
2532.35	0.138443
2533.73	0.230772
2535.11	0.262887
2536.48	0.173419
2537.86	0.144191
2539.23	0.220525
2540.61	0.0684204
2541.98	0.204506
2543.36	0.401419
2544.73	0.265212
2546.1	0.0997038
2547.48	0.23854
2548.85	-0.0467119
2550.23	0.305288
2551.6	0.186544
2552.97	-0.0695286
2554.34	-0.250496
2555.72	0.205136
2557.09	0.0534148
2558.46	0.144294
2559.83	0.0079484
2561.2	0.144894
2562.58	0.0852933
2563.95	-0.0193009
2565.32	0.149211
2566.69	0.166381
2568.06	0.213935
2569.43	0.0947852
2570.8	0.14235
2572.17	0.538579
2573.54	0.161838
2574.91	0.51279
2576.27	0.424154
2577.64	0.608363
2579.01	0.246535
2580.38	-0.0701036
2581.75	0.234621
2583.11	0.266111
2584.48	0.191288
2585.85	-0.32314
2587.21	0.238749
2588.58	-0.0480146
2589.95	-0.122488
2591.31	0.030251
2592.68	-0.0143747
2594.04	0.107023
2595.41	-0.029882
2596.78	0.256345
2598.14	-0.0180736
2599.51	0.130861
2600.87	-0.00737524
2602.23	0.428804
2603.6	0.170734
2604.96	0.0642142
2606.32	0.365196
2607.69	-0.103317
2609.05	0.302063
2610.41	-0.0922532
2611.77	0.0698261
2613.14	-0.220357
2614.5	0.0302019
2615.86	0.220031
2617.22	0.15483
2618.58	-0.089469
2619.94	-0.213033
2621.3	-0.171376
2622.67	-0.00985193
2624.03	-0.102214
2625.39	0.163635
2626.75	0.145601
2628.1	-0.245189
2629.46	0.466198
2630.82	-0.341214
2632.18	-0.210876
2633.54	0.00834131
2634.9	-0.0102854
2636.26	0.490139
2637.61	-0.0623169
2638.97	-0.0808282
2640.33	-0.0400143
2641.69	-0.19124
2643.04	-0.0908995
2644.4	0.437543
2645.76	0.0800524
2647.11	-0.174049
2648.47	0.116701
2649.82	0.008986
2651.18	0.22437
2652.53	0.101308
2653.89	0.19874
2655.24	0.428504
2656.6	0.424452
2657.95	0.289628
2659.31	0.0240254
2660.66	-0.00705194
2662.01	-0.0382133
2663.37	0.222315
2664.72	0.0585923
2666.07	0.113292
2667.43	-0.0656323
2668.78	-0.0987191
2670.13	-0.277036
2671.48	0.112339
2672.83	-0.0504527
2674.18	0.310215
2675.53	0.162956
2676.89	-0.0417471
2678.24	-0.0717444
2679.59	0.159914
2680.94	-0.0281286
2682.29	-0.229733
2683.64	0.00453186
2684.99	-0.0504656
2686.34	0.431727
2687.68	0.202869
2689.03	0.219758
2690.38	-0.0840626
2691.73	-0.098907
2693.08	0.0301933
2694.43	0.216438
2695.77	0.228442
2697.12	0.0815945
2698.47	-0.0786123
2699.81	-0.136122
2701.16	-0.177843
2702.51	-0.21847
2703.85	0.118413
2705.2	-0.32688
2706.54	0.170236
2707.89	0.0581422
2709.23	0.177914
2710.58	0.0360794
2711.92	0.416914
2713.27	-0.00134373
2714.61	0.29234
2715.96	0.0481706
2717.3	0.00736952
2718.64	-0.0336509
2719.99	0.274258
2721.33	0.145323
2722.67	-0.377007
2724.01	0.0754685
2725.36	0.163742
2726.7	-0.112155
2728.04	0.0629115
2729.38	0.310524
2730.72	0.266961
2732.06	-0.0530386
2733.41	-0.0383143
2734.75	0.0201774
2736.09	-0.0957193
2737.43	0.16664
2738.77	-0.327288
2740.11	0.0657268
2741.44	0.123872
2742.78	0.181496
2744.12	-0.00850868
2745.46	0.164325
2746.8	0.0753069
2748.14	0.436188
2749.48	0.347028
2750.81	0.156581
2752.15	0.169447
2753.49	0.0810413
2754.83	0.166684
2756.16	-0.0807409
2757.5	0.0196133
2758.84	-0.0680733
2760.17	-0.0830588
2761.51	0.0759788
2762.84	0.408989
2764.18	-0.140403
2765.51	0.033659
2766.85	0.294145
2768.18	0.134356
2769.52	0.392954
2770.85	0.187709
2772.19	0.299348
2773.52	0.193562
2774.85	0.289355
2776.19	-0.0183444
2777.52	-0.0374036
2778.85	0.00151062
2780.18	0.0407643
2781.52	0.209454
2782.85	0.0622649
2784.18	0.273766
2785.51	-0.0739694
2786.84	0.380965
2788.17	0.00552416
2789.51	-0.111383
2790.84	-0.22751
2792.17	0.257534
2793.5	-0.0864096
2794.83	-0.373004
2796.16	-0.0453191
2797.48	0.324612
2798.81	0.279769
2800.14	-0.0222669
2801.47	0.232098
2802.8	-0.283859
2804.13	-0.158217
2805.46	0.508156
2806.79	-0.0935187
2808.11	-0.367724
2809.44	-0.229681
2810.77	0.00758171
2812.09	0.159823
2813.42	0.241859
2814.75	0.0272422
2816.07	0.0548277
2817.4	0.0974369
2818.73	0.0837979
2820.05	0.126853
2821.38	0.33963
2822.7	-0.0716887
2824.03	0.111718
2825.35	0.0114932
2826.67	0.293696
2828	0.222234
2829.32	0.108765
2830.65	0.0664554
2831.97	0.279107
2833.29	0.236906
2834.62	0.208614
2835.94	0.222402
2837.26	0.490457
2838.58	0.432697
2839.9	0.530366
2841.23	1.03807
2842.55	0.711931
2843.87	1.23441
2845.19	0.867068
2846.51	1.23513
2847.83	1.26431
2849.15	1.0815
2850.47	0.884302
2851.79	1.33687
2853.11	1.29432
2854.43	1.27973
2855.75	1.4628
2857.07	1.39152
2858.39	1.75817
2859.71	1.2491
2861.02	1.57314
2862.34	1.41681
2863.66	1.58487
2864.98	1.45632
2866.3	1.5112
2867.61	1.90473
2868.93	1.96004
2870.25	2.07207
2871.56	2.08552
2872.88	1.95779
2874.19	2.56219
2875.51	2.54559
2876.83	2.51399
2878.14	2.45359
2879.46	2.50552
2880.77	2.51551
2882.09	2.27328
2883.4	2.39727
2884.71	2.9151
2886.03	2.78748
2887.34	2.46346
2888.65	2.92498
2889.97	2.75434
2891.28	2.30267
2892.59	2.66377
2893.91	2.54812
2895.22	2.5449
2896.53	2.71031
2897.84	3.12838
2899.15	2.87558
2900.46	2.74941
2901.78	3.02932
2903.09	3.05757
2904.4	3.37968
2905.71	2.91873
2907.02	3.19956
2908.33	3.29926
2909.64	3.90339
2910.95	3.5986
2912.26	3.79756
2913.57	4.06593
2914.87	4.1791
2916.18	4.22074
2917.49	4.06503
2918.8	4.09045
2920.11	4.07375
2921.42	4.15553
2922.72	4.48994
2924.03	4.81151
2925.34	4.50506
2926.64	4.61848
2927.95	5.34705
2929.26	5.1666
2930.56	5.11145
2931.87	5.32148
2933.17	5.16781
2934.48	4.86039
2935.78	5.48949
2937.09	5.61556
2938.39	5.30858
2939.7	5.14161
2941	5.10088
2942.31	5.18668
2943.61	4.99408
2944.91	4.41117
2946.22	4.62608
2947.52	4.51988
2948.82	4.30138
2950.13	4.72576
2951.43	4.22449
2952.73	3.95953
2954.03	4.22542
2955.33	4.05695
2956.64	3.83332
2957.94	3.76543
2959.24	3.97988
2960.54	3.23032
2961.84	3.26657
2963.14	3.61212
2964.44	3.52244
2965.74	3.2207
2967.04	3.19835
2968.34	2.96397
2969.64	2.88351
2970.94	2.40908
2972.24	2.56774
2973.53	2.67046
2974.83	2.54798
2976.13	2.08701
2977.43	2.21628
2978.73	2.40049
2980.02	1.92162
2981.32	1.75158
2982.62	2.22821
2983.91	1.34099
2985.21	2.08555
2986.51	1.73491
2987.8	1.8773
2989.1	1.92212
2990.4	1.50336
2991.69	1.11227
2992.99	1.35279
2994.28	1.14261
2995.57	1.14234
2996.87	0.987047
2998.16	1.28077
2999.46	1.2518
3000.75	0.802634
3002.05	1.22325
3003.34	0.971329
3004.63	1.05582
3005.92	0.663895
3007.22	0.663708
3008.51	0.81675
3009.8	0.745172
3011.09	0.505414
3012.39	0.893917
3013.68	0.514534
3014.97	0.428778
3016.26	0.524764
3017.55	0.300993
3018.84	-0.0334644
3020.13	0.452985
3021.42	0.354768
3022.71	0.339329
3024	0.434148
3025.29	0.250906
3026.58	0.317134
3027.87	0.300568
3029.16	0.616701
3030.45	0.132221
3031.73	-0.115838
3033.02	0.009799
3034.31	0.107963
3035.6	0.302186
3036.89	-0.0425158
3038.17	-0.0850224
3039.46	0.215168
3040.75	-0.311197
3042.03	0.137619
3043.32	0.11915
3044.61	0.142432
3045.89	0.166924
3047.18	0.274998
3048.46	0.248223
3049.75	-0.145381
3051.03	-0.18285
3052.32	0.0395265
3053.6	0.384662
3054.89	0.401772
3056.17	0.349827
3057.45	0.29704
3058.74	0.379903
3060.02	-0.218336
3061.31	-0.0399694
3062.59	0.125318
3063.87	0.196339
3065.15	0.390858
3066.44	0.355334
3067.72	0.592519
3069	0.136508
3070.28	0.224171
3071.56	-0.069665
3072.84	0.0571761
3074.13	-0.0888839
3075.41	0.321537
3076.69	-0.042788
3077.97	0.177202
3079.25	-0.0227818
3080.53	0.239683
3081.81	0.204871
3083.09	0.0624943
3084.37	0.178386
3085.64	0.267202
3086.92	0.192784
3088.2	0.0634851
3089.48	0.218654
3090.76	-0.169378
3092.04	0.0531096
3093.31	0.0721488
3094.59	0.0235858
3095.87	-0.10612
3097.14	0.0489445
3098.42	0.0412378
3099.7	-0.0343404
3100.97	0.160956
3102.25	-0.171974
3103.53	-0.0171442
3104.8	-0.0379763
3106.08	-0.207125
3107.35	0.0304031
3108.63	0.0386443
3109.9	-0.128283
3111.18	0.179337
3112.45	0.0407462
3113.73	-0.0434475
3115	-0.0464082
3116.27	-0.171795
3117.55	0.108983
3118.82	0.117691
3120.09	0.111951
3121.37	-0.0436587
3122.64	0.125615
3123.91	0.132025
3125.18	0.057303
3126.45	0.240119
3127.73	0.15263
3129	0.160255
3130.27	0.276289
3131.54	-0.121327
3132.81	-0.221546
3134.08	0.2723
3135.35	0.279263
3136.62	0.204785
3137.89	0.103018
3139.16	0.310909
3140.43	0.222195
3141.7	-0.0277252
3142.97	0.0991926
3144.24	0.373917
3145.51	0.380365
3146.78	0.0521913
3148.04	0.381367
3149.31	-0.106144
