200.43	-0.00170422
202.246	0.0215101
204.061	0.0460243
205.875	-0.0743628
207.688	0.607957
209.501	-0.266083
211.316	0.292603
213.129	0.363757
214.941	0.118297
216.753	1.30254
218.566	-0.0578947
220.377	-0.44768
222.188	0.470169
223.999	-0.014226
225.809	0.0582762
227.618	-0.231543
229.43	0.202915
231.239	0.467414
233.047	-0.209507
234.855	0.00672531
236.663	0.85084
238.471	0.684642
240.278	-0.12958
242.087	-0.121911
243.894	0.345501
245.7	0.596093
247.506	0.724485
249.311	0.777513
251.116	1.02018
252.921	1.11473
254.725	0.67645
256.529	0.117564
258.333	0.644523
260.136	0.161053
261.939	1.1252
263.744	0.742194
265.546	0.0952311
267.348	0.677521
269.15	0.102647
270.951	0.708053
272.752	0.540747
274.552	0.106673
276.353	0.104849
278.152	0.173341
279.952	-0.844211
281.751	-0.225913
283.55	0.197103
285.348	0.25741
287.146	0.244728
288.942	-0.39138
290.739	0.603403
292.536	0.137833
294.333	-0.253658
296.129	-0.356287
297.925	0.402658
299.721	0.110388
301.516	0.200267
303.311	0.0504303
305.106	0.257371
306.9	0.415366
308.694	-0.618981
310.486	0.278147
312.279	0.175453
314.072	0.0745544
315.864	0.975707
317.656	0.259585
319.448	0.0926943
321.24	0.284411
323.029	0.334041
324.819	0.861458
326.61	0.00479794
328.4	0.150252
330.19	0.653758
331.977	0.199762
333.766	0.341738
335.555	0.457555
337.343	0.499096
339.131	0.346924
340.917	0.0974579
342.704	0.134152
344.491	0.0990391
346.277	0.159983
348.062	-0.0410719
349.848	-0.814435
351.633	0.059412
353.416	0.431165
355.201	0.157517
356.986	0.216484
358.77	-0.107328
360.552	0.258639
362.335	0.00437355
364.118	-0.0125408
365.899	0.421177
367.682	0.520969
369.464	0.31136
371.243	0.6697
373.025	0.576928
374.806	0.129446
376.585	0.462001
378.365	0.770787
380.143	0.915034
381.923	0.942644
383.702	1.0187
385.479	1.37822
387.258	0.469936
389.034	0.503147
390.812	0.772279
392.59	0.783915
394.365	0.772732
396.142	1.04379
397.916	0.0936975
399.693	1.35114
401.467	0.564692
403.242	0.646605
405.015	1.00949
406.79	0.549576
408.565	1.14563
410.337	0.755189
412.111	0.435334
413.882	0.256795
415.656	1.11142
417.426	0.371347
419.197	0.687859
420.969	0.676155
422.739	0.851957
424.51	1.12094
426.279	0.332461
428.05	0.599496
429.819	0.443416
431.589	0.169967
433.356	0.131541
435.124	0.468967
436.893	0.290041
438.66	0.110379
440.428	0.515882
442.194	0.0276585
443.96	0.803555
445.727	0.405084
447.492	-0.415366
449.259	-0.0189152
451.023	-0.183823
452.787	-0.114704
454.553	0.09447
456.316	0.186748
458.079	0.651322
459.844	-0.0948448
461.606	0.276937
463.368	0.231502
465.132	-0.0437746
466.893	0.0556927
468.654	0.320679
470.415	0.355334
472.177	0.251092
473.937	0.54175
475.696	0.0155878
477.456	0.0925665
479.217	0.377263
480.975	0.381315
482.733	0.897856
484.491	0.367545
486.251	0.747675
488.008	0.94395
489.765	0.186448
491.522	0.642734
493.278	0.633235
495.036	0.483633
496.791	0.567717
498.546	0.511052
500.301	0.617939
502.056	0.724303
503.81	0.0547504
505.566	0.299717
507.319	0.778666
509.073	0.691767
510.825	0.908951
512.578	0.936184
514.33	0.255858
516.082	0.679938
517.833	0.867302
519.587	1.17094
521.337	1.30896
523.088	0.906148
524.838	1.27806
526.588	0.429679
528.337	0.895211
530.087	0.844577
531.835	0.957502
533.584	0.765115
535.332	0.641878
537.08	0.470583
538.827	0.484879
540.574	0.497867
542.321	0.160556
544.068	0.777472
545.814	-0.00133801
547.56	0.892904
549.305	0.417583
551.05	0.105653
552.795	-0.228546
554.54	-0.145937
556.284	0.306076
558.027	-0.210958
559.771	0.0107174
561.514	0.301615
563.257	-0.465446
564.999	-0.219456
566.742	-0.0880289
568.481	0.0210829
570.223	0.406513
571.964	0.448978
573.705	0.49316
575.445	-0.126067
577.185	-0.239006
578.925	0.54458
580.665	0.135392
582.402	0.162507
584.141	0.212096
585.879	0.099679
587.617	0.353964
589.355	-0.0831537
591.092	-0.176188
592.828	0.558499
594.564	-0.225497
596.301	-0.0891724
598.037	0.162145
599.773	-0.04704
601.506	0.456077
603.242	-0.0542326
604.976	0.192933
606.711	0.392559
608.443	-0.0289412
610.177	0.215437
611.91	-0.0446348
613.644	0.269521
615.374	0.354935
617.107	0.0968075
618.839	0.136079
620.569	0.403123
622.3	0.508412
624.032	0.704055
625.761	0.236927
627.491	0.479182
629.221	0.449392
630.949	0.171098
632.679	0.55669
634.408	0.738127
636.135	0.417113
637.863	0.322546
639.592	0.635991
641.318	0.695112
643.045	0.158951
644.77	0.032238
646.497	0.315453
648.224	0.122748
649.948	0.410588
651.674	0.838629
653.398	0.248173
655.123	0.0699558
656.846	0.0759192
658.57	0.0828943
660.293	0.500196
662.017	0.0488386
663.738	0.302906
665.462	0.577603
667.185	1.05623
668.905	0.390613
670.628	0.686194
672.348	0.549182
674.067	0.620676
675.789	0.557033
677.508	-0.0789919
679.228	0.54707
680.947	0.368732
682.667	0.510352
684.385	0.166515
686.104	0.764448
687.821	0.324555
689.538	0.0446405
691.256	0.892656
692.972	0.334887
694.69	-0.292685
696.406	0.299438
698.121	1.05118
699.837	0.167237
701.552	0.823842
703.268	1.08791
704.982	0.868533
706.695	0.671848
708.41	0.9107
710.123	0.369715
711.836	0.149758
713.55	0.410176
715.262	1.30979
716.973	0.472491
718.685	0.845782
720.398	0.762737
722.108	0.657239
723.818	1.34831
725.53	0.969589
727.24	0.954636
728.949	0.939255
730.658	0.152614
732.369	0.499498
734.077	0.935985
735.785	0.783967
737.493	1.60357
739.2	1.09133
740.909	1.36994
742.616	1.28903
744.322	0.894489
746.028	0.34429
747.734	1.12319
749.441	0.486065
751.146	0.727569
752.851	1.19533
754.555	0.247326
756.26	1.10067
757.963	1.4835
759.667	0.719309
761.372	1.33055
763.075	0.950506
764.777	1.04381
766.479	1.58797
768.181	1.4526
769.883	0.704287
771.584	1.21999
773.285	1.55331
774.986	1.32077
776.686	1.74448
778.386	1.92087
780.085	1.98589
781.785	1.71286
783.484	2.23193
785.182	1.75406
786.881	1.74893
788.579	1.35566
790.276	1.77354
791.974	0.94482
793.671	1.87707
795.367	1.47628
797.064	1.73074
798.76	1.85143
800.456	1.6138
802.151	1.69291
803.846	1.90764
805.541	1.73989
807.236	1.54893
808.93	1.58149
810.624	0.939511
812.317	1.19446
814.01	1.0675
815.703	1.76878
817.394	1.41756
819.086	0.910521
820.778	1.2977
822.47	1.81852
824.161	1.38063
825.852	1.81382
827.543	1.35789
829.231	1.8627
830.921	1.56895
832.611	1.32265
834.3	1.92542
835.989	1.95008
837.676	1.97459
839.364	1.66294
841.053	1.30466
842.74	1.43628
844.426	2.17075
846.113	1.09577
847.8	1.00574
849.486	1.65642
851.171	1.84046
852.857	1.6011
854.542	1.29496
856.227	0.875706
857.911	0.881681
859.595	1.33604
861.279	0.685829
862.961	1.81293
864.645	1.15922
866.329	1.04512
868.01	1.89988
869.692	1.53661
871.375	0.811942
873.055	1.16974
874.737	1.25678
876.418	1.20845
878.097	0.979556
879.778	1.04394
881.457	1.17569
883.137	0.742307
884.817	0.556152
886.495	1.06831
888.174	0.856567
889.851	1.20714
891.53	1.10499
893.206	1.29434
894.884	1.4596
896.562	1.26371
898.237	1.15697
899.914	1.45319
901.589	1.23255
903.265	1.8845
904.94	0.746729
906.615	1.15213
908.289	1.35657
909.964	0.715213
911.637	1.32196
913.31	1.28373
914.984	1.57899
916.656	1.07518
918.33	0.727362
920.001	0.845285
921.674	1.00778
923.345	1.10488
925.015	1.26981
926.687	1.4586
928.357	0.898643
930.028	1.81879
931.698	1.01842
933.366	1.34366
935.037	1.22785
936.705	0.781694
938.373	0.623183
940.043	1.30403
941.71	1.76577
943.379	1.19145
945.046	1.43334
946.712	0.857367
948.378	1.22859
950.046	0.692829
951.711	0.950294
953.376	0.832683
955.043	1.15772
956.708	0.779997
958.372	0.670193
960.036	0.695624
961.701	1.27495
963.364	1.2361
965.027	0.531891
966.69	0.266828
968.354	0.419242
970.016	0.591617
971.678	0.519692
973.339	0.77995
975	0.953188
976.661	0.354292
978.324	1.19463
979.984	1.08465
981.644	0.974215
983.303	1.08369
984.962	1.14682
986.621	1.20767
988.282	1.37712
989.94	0.373045
991.598	0.717465
993.256	0.774163
994.913	0.764657
996.57	1.41714
998.227	1.71606
999.884	1.57364
1001.54	2.20172
1003.2	1.83815
1004.85	1.56266
1006.51	1.46321
1008.16	0.83701
1009.82	0.892297
1011.47	0.904116
1013.12	0.41233
1014.78	0.885291
1016.43	0.570059
1018.08	0.912116
1019.74	0.53296
1021.39	1.20462
1023.04	1.1558
1024.69	0.474284
1026.34	0.536547
1028	1.14507
1029.65	0.922602
1031.3	1.31044
1032.95	0.954
1034.6	1.447
1036.25	1.78518
1037.9	1.05442
1039.55	1.15185
1041.19	1.68487
1042.84	1.41436
1044.49	1.08093
1046.14	2.24859
1047.79	1.55032
1049.43	1.93991
1051.08	2.30932
1052.73	0.811522
1054.37	0.899766
1056.02	0.444695
1057.66	0.750005
1059.31	0.772253
1060.95	0.706844
1062.6	0.597114
1064.24	0.421185
1065.88	0.657259
1067.53	0.3922
1069.17	0.539075
1070.81	0.467974
1072.46	0.223123
1074.1	0.586503
1075.74	0.148142
1077.38	0.340265
1079.02	0.360161
1080.66	0.294131
1082.3	0.271482
1083.94	0.659909
1085.58	0.136086
1087.22	0.390561
1088.86	0.0146484
1090.5	0.113493
1092.14	0.210929
1093.78	0.45881
1095.42	0.598531
1097.05	0.803515
1098.69	0.449588
1100.33	0.420897
1101.97	1.01827
1103.6	0.799729
1105.24	1.05593
1106.87	0.0222807
1108.51	0.278867
1110.15	0.254751
1111.78	0.46545
1113.41	0.588316
1115.05	0.645294
1116.68	0.336829
1118.31	0.843534
1119.95	0.407628
1121.58	1.08674
1123.21	0.0755386
1124.85	1.14151
1126.48	0.73192
1128.11	0.858006
1129.74	0.493061
1131.37	0.470889
1133	0.213901
1134.63	0.469843
1136.26	0.361734
1137.89	0.145745
1139.52	0.61215
1141.15	-0.396051
1142.78	0.730086
1144.41	0.234279
1146.04	0.102071
1147.66	-0.220841
1149.29	0.501279
1150.92	-0.0118361
1152.55	-0.162676
1154.17	-0.100881
1155.8	0.300994
1157.43	0.766296
1159.05	0.253304
1160.68	-0.279803
1162.3	-0.216271
1163.93	0.273506
1165.55	0.487425
1167.17	0.424688
1168.8	0.126997
1170.42	-0.363604
1172.05	0.418887
1173.67	-0.181386
1175.29	-0.145655
1176.91	-0.364902
1178.54	0.390768
1180.16	0.172354
1181.78	-0.467915
1183.4	0.161765
1185.02	0.1569
1186.64	-0.14453
1188.26	-0.0462828
1189.88	0.471313
1191.5	-0.00373459
1193.12	0.172606
1194.74	1.08242
1196.36	0.333392
1197.97	0.613333
1199.59	0.873531
1201.21	-0.389472
1202.83	0.189637
1204.44	0.395144
1206.06	0.248098
1207.68	0.603211
1209.29	0.520518
1210.91	0.749852
1212.52	0.643653
1214.14	0.743532
1215.75	0.590973
1217.37	0.748744
1218.98	0.780386
1220.6	1.20622
1222.21	0.843885
1223.82	0.400711
1225.44	1.49203
1227.05	1.3007
1228.66	1.27663
1230.27	1.64687
1231.88	1.04675
1233.49	1.41961
1235.1	1.42181
1236.72	0.970661
1238.33	0.685904
1239.94	0.960083
1241.55	1.56556
1243.16	1.2193
1244.76	0.934137
1246.37	1.06168
1247.98	1.66403
1249.59	0.817118
1251.2	1.10787
1252.8	1.87452
1254.41	1.13197
1256.02	0.928411
1257.63	0.891655
1259.23	0.938916
1260.84	0.987179
1262.44	1.13954
1264.05	1.18849
1265.66	1.21633
1267.26	0.352069
1268.87	0.792577
1270.47	1.91633
1272.07	1.42171
1273.68	0.905257
1275.28	1.42428
1276.88	1.25818
1278.48	1.09129
1280.09	1.40008
1281.69	1.06666
1283.29	1.51978
1284.89	1.49749
1286.49	1.47622
1288.09	1.14611
1289.69	0.817135
1291.3	0.94339
1292.9	0.904251
1294.49	1.13291
1296.09	1.36008
1297.69	1.54404
1299.29	2.20045
1300.89	1.06061
1302.49	1.6721
1304.09	1.80807
1305.68	1.79904
1307.28	1.68676
1308.88	1.20508
1310.47	1.91306
1312.07	1.30976
1313.66	1.36297
1315.26	2.21409
1316.86	1.37026
1318.45	1.28326
1320.05	1.97096
1321.64	1.88251
1323.23	1.73141
1324.83	2.29008
1326.42	2.19611
1328.01	1.53406
1329.61	1.54246
1331.2	1.87621
1332.79	1.22174
1334.38	2.02456
1335.98	2.3843
1337.57	2.03845
1339.16	1.18835
1340.75	1.62666
1342.34	2.6454
1343.93	1.40838
1345.52	2.4215
1347.11	1.26669
1348.7	1.09781
1350.29	1.15208
1351.87	1.60908
1353.46	1.30823
1355.05	1.04905
1356.64	1.48981
1358.23	1.41049
1359.81	1.43002
1361.4	1.52816
1362.99	0.607922
1364.57	1.044
1366.16	1.06141
1367.74	1.09958
1369.33	0.76082
1370.91	0.662594
1372.5	0.685265
1374.08	0.530044
1375.67	1.17147
1377.25	1.03701
1378.83	1.06121
1380.42	1.46235
1382	0.728039
1383.58	0.967152
1385.16	0.628567
1386.75	1.06462
1388.33	0.626668
1389.91	0.884532
1391.49	0.448671
1393.07	0.767734
1394.65	0.809403
1396.23	1.10865
1397.81	0.71318
1399.39	-0.178444
1400.97	0.276544
1402.55	0.730452
1404.13	0.768367
1405.7	1.12316
1407.28	1.32045
1408.86	0.649188
1410.44	0.354204
1412.01	0.474051
1413.59	1.00775
1415.17	0.454851
1416.74	1.06512
1418.32	0.925321
1419.89	1.0027
1421.47	0.844873
1423.05	1.41716
1424.62	1.5187
1426.19	1.20834
1427.77	1.15447
1429.34	1.78922
1430.92	1.49788
1432.49	1.06758
1434.06	0.872496
1435.63	2.13238
1437.2	2.03512
1438.78	1.93875
1440.35	2.66903
1441.92	2.37841
1443.49	2.87477
1445.06	2.40861
1446.63	2.2964
1448.2	2.18435
1449.77	2.7607
1451.34	2.41362
1452.91	2.14573
1454.48	2.66502
1456.05	3.08614
1457.62	2.60141
1459.18	2.31186
1460.75	2.13839
1462.32	1.80542
1463.89	2.41474
1465.45	1.35152
1467.02	1.86053
1468.59	1.70185
1470.15	1.62282
1471.72	1.09393
1473.28	1.76287
1474.85	1.19705
1476.41	1.10243
1477.98	0.851125
1479.54	0.835047
1481.11	1.05406
1482.67	0.93978
1484.23	1.31524
1485.8	0.926168
1487.36	1.12401
1488.92	0.948323
1490.48	0.790388
1492.05	0.825846
1493.61	1.64018
1495.17	0.382697
1496.73	0.93919
1498.29	0.559926
1499.85	0.298801
1501.41	0.87416
1502.97	0.828981
1504.53	0.436116
1506.09	-0.22675
1507.65	0.387415
1509.2	0.806085
1510.76	0.277084
1512.32	0.538582
1513.88	0.106138
1515.44	-0.0943737
1516.99	0.877295
1518.55	0.428482
1520.1	0.632602
1521.66	0.185921
1523.22	0.294193
1524.77	0.229591
1526.33	0.621737
1527.88	0.688153
1529.44	0.031249
1530.99	-0.0162458
1532.55	0.259243
1534.1	0.326608
1535.65	0.470528
1537.21	0.407295
1538.76	-0.20245
1540.31	0.377367
1541.86	0.146122
1543.42	1.10089
1544.97	0.21103
1546.52	0.318203
1548.07	0.143534
1549.62	0.156631
1551.17	0.151162
1552.72	0.632577
1554.27	0.160892
1555.82	0.606492
1557.37	0.325378
1558.92	-0.363979
1560.47	0.124144
1562.02	-0.524182
1563.57	0.190427
1565.11	0.700522
1566.66	0.277795
1568.21	0.563958
1569.75	0.476478
1571.3	0.463264
1572.85	0.505753
1574.39	0.846772
1575.94	0.926474
1577.49	0.521018
1579.03	0.73204
1580.58	0.719669
1582.12	0.820155
1583.67	0.772112
1585.21	0.687433
1586.75	0.752768
1588.3	1.02406
1589.84	0.397185
1591.38	0.499426
1592.93	0.919589
1594.47	0.871432
1596.01	1.49778
1597.55	1.01917
1599.09	0.728392
1600.63	1.2447
1602.18	1.49927
1603.72	1.34097
1605.26	0.712132
1606.8	0.795559
1608.34	1.42211
1609.87	1.57637
1611.41	1.22072
1612.95	0.863228
1614.49	0.636147
1616.03	1.29041
1617.57	1.0821
1619.11	0.875222
1620.64	1.2881
1622.18	1.02816
1623.72	0.581972
1625.25	0.753681
1626.79	1.61701
1628.32	0.944364
1629.86	1.05619
1631.4	0.923832
1632.93	1.48227
1634.47	1.55502
1636	1.66587
1637.53	1.2741
1639.07	1.16295
1640.6	1.08921
1642.14	1.85322
1643.67	1.46087
1645.2	1.58869
1646.73	1.39922
1648.27	1.97151
1649.8	1.5964
1651.33	2.02078
1652.86	1.5929
1654.39	2.61279
1655.92	2.13143
1657.45	2.16912
1658.98	1.65028
1660.51	2.18567
1662.04	2.21929
1663.57	2.19607
1665.1	1.83975
1666.63	1.5213
1668.16	1.81307
1669.69	1.60845
1671.21	1.62676
1672.74	1.51733
1674.27	1.72154
1675.79	1.83335
1677.32	2.01783
1678.85	1.90661
1680.37	1.44496
1681.9	1.11164
1683.42	1.27416
1684.95	1.54663
1686.47	0.847173
1688	0.992114
1689.52	0.880849
1691.05	0.769958
1692.57	1.08017
1694.1	0.109615
1695.62	0.0539713
1697.14	0.966546
1698.66	0.362041
1700.19	0.706821
1701.71	0.321106
1703.23	0.46385
1704.75	0.842539
1706.27	0.401345
1707.79	0.160576
1709.32	0.0109425
1710.83	0.115714
1712.35	0.16608
1713.88	0.705694
1715.39	0.321249
1716.91	0.190595
1718.43	0.674499
1719.95	0.669955
1721.47	0.304729
1722.99	0.084878
1724.5	0.44287
1726.02	-0.3507
1727.54	0.387751
1729.06	0.460895
1730.57	-0.128956
1732.09	-0.158607
1733.61	0.546494
1735.12	0.118367
1736.64	0.349249
1738.15	-0.569304
1739.67	0.104111
1741.18	0.197176
1742.7	0.631416
1744.21	0.748572
1745.72	-0.0638428
1747.24	-0.146946
1748.75	0.262727
1750.26	0.555787
1751.78	0.0117455
1753.29	-0.029458
1754.8	0.114961
1756.31	-0.412451
1757.82	0.0459642
1759.34	0.0543346
1760.85	0.200315
1762.36	0.0739975
1763.87	-0.0212231
1765.38	0.0122976
1766.89	-0.041234
1768.4	-0.558593
1769.91	0.153667
1771.41	0.201434
1772.92	0.121179
1774.43	-0.0851402
1775.94	-0.218699
1777.45	-0.159502
1778.96	0.142843
1780.46	0.280963
1781.97	0.366991
1783.48	-0.0507622
1784.98	0.336128
1786.49	0.111757
1788	0.297968
1789.5	0.323636
1791.01	0.160468
1792.51	0.103354
1794.01	0.155025
1795.52	-0.141697
1797.02	0.161371
1798.53	0.532328
1800.03	0.00568771
1801.54	0.269053
1803.04	0.234733
1804.54	0.0950489
1806.04	0.08741
1807.54	-0.134375
1809.05	0.18774
1810.55	-0.0550756
1812.05	0.408997
1813.55	0.222181
1815.05	-0.00889301
1816.55	0.235629
1818.05	0.177374
1819.55	0.240292
1821.05	0.0350304
1822.55	-0.0728741
1824.05	0.0618582
1825.55	-0.0440874
1827.05	0.0716105
1828.55	-0.00019455
1830.04	0.111379
1831.54	0.108478
1833.04	0.245381
1834.54	-0.043437
1836.03	-0.0688543
1837.53	0.178775
1839.03	0.364968
1840.52	0.0697165
1842.02	0.247232
1843.51	0.195722
1845.01	0.0104656
1846.5	0.113905
1848	0.125739
1849.49	0.148721
1850.99	0.284188
1852.48	-0.0244303
1853.97	0.425316
1855.47	0.307952
1856.96	0.0252905
1858.45	0.530254
1859.94	0.475694
1861.44	-0.120194
1862.93	-0.0982924
1864.42	0.137055
1865.91	0.0246
1867.4	0.0886059
1868.89	0.390807
1870.38	0.0249109
1871.87	0.106254
1873.36	-0.125494
1874.85	0.0548849
1876.34	0.155363
1877.83	0.374681
1879.32	0.0669279
1880.81	-0.401896
1882.3	0.00429058
1882.56	0.108109
1884.06	0.317076
1885.55	-0.450763
1887.04	0.522946
1888.54	-0.280431
1890.03	0.187318
1891.52	0.0295773
1893.02	0.0821991
1894.51	-0.0546036
1896	0.192644
1897.49	-0.411392
1898.99	0.480186
1900.48	0.501094
1901.97	0.224554
1903.46	-0.0710926
1904.95	-0.141976
1906.44	0.30766
1907.93	0.374783
1909.42	0.459835
1910.91	0.493749
1912.4	0.372463
1913.89	0.147743
1915.38	-0.146177
1916.86	0.0971155
1918.35	0.114429
1919.84	0.131277
1921.33	-0.1291
1922.82	-0.00796318
1924.3	-0.076437
1925.79	-0.0918388
1927.28	-0.0542574
1928.76	-0.500854
1930.25	0.0740633
1931.74	-0.0617647
1933.22	0.424311
1934.71	0.406341
1936.19	0.28284
1937.67	0.4349
1939.16	0.24073
1940.64	0.133463
1942.13	0.458626
1943.61	0.267069
1945.09	0.645589
1946.58	-0.0273209
1948.06	0.161605
1949.54	0.177361
1951.03	0.553647
1952.51	0.3263
1953.99	-0.00451374
1955.47	0.197728
1956.95	0.297069
1958.43	0.362669
1959.91	0.103028
1961.39	0.06707
1962.87	0.802627
1964.35	0.183883
1965.83	0.37002
1967.31	0.36698
1968.79	0.465886
1970.27	0.153831
1971.75	0.576383
1973.22	0.383826
1974.7	-0.0471325
1976.18	-0.238701
1977.66	-0.0381012
1979.13	0.111256
1980.61	0.10729
1982.09	0.290124
1983.56	0.0987072
1985.04	0.416409
1986.52	0.275451
1987.99	0.507518
1989.47	0.316216
1990.94	0.532021
1992.41	0.274988
1993.89	0.205197
1995.36	0.457369
1996.84	0.10164
1998.31	0.641158
1999.78	-0.0525494
2001.26	0.586782
2002.73	0.48288
2004.2	0.311508
2005.67	0.376554
2007.15	0.459155
2008.62	0.441653
2010.09	0.037838
2011.56	0.375325
2013.03	0.544451
2014.5	0.292359
2015.97	0.44335
2017.44	0.307387
2018.91	0.170686
2020.38	0.369601
2021.85	0.80327
2023.32	0.565463
2024.79	0.328701
2026.25	0.479109
2027.72	0.22843
2029.19	0.49923
2030.66	0.721156
2032.13	-0.0459013
2033.59	0.630723
2035.06	-0.10287
2036.53	0.0530062
2037.99	0.242036
2039.46	0.548401
2040.92	0.653109
2042.39	0.438794
2043.85	0.0905733
2045.32	0.146833
2046.78	0.456442
2048.25	0.177091
2049.71	0.62182
2051.18	0.509454
2052.64	0.361661
2054.1	0.515533
2055.56	0.431499
2057.03	0.312379
2058.49	0.613804
2059.95	0.645331
2061.42	0.811968
2062.88	-0.333573
2064.34	0.255809
2065.8	0.257052
2067.26	0.0235233
2068.72	0.463772
2070.18	0.332103
2071.64	-0.0184135
2073.1	0.540063
2074.56	-0.147722
2076.02	0.27551
2077.48	0.0416212
2078.94	-0.0242634
2080.39	0.566104
2081.85	-0.123787
2083.31	0.263196
2084.77	0.699715
2086.22	0.294104
2087.68	0.274916
2089.14	0.120876
2090.6	0.369912
2092.05	0.282843
2093.51	0.162207
2094.96	0.64515
2096.42	0.372815
2097.87	0.217397
2099.33	-0.00536251
2100.78	0.474251
2102.24	0.535617
2103.69	0.965111
2105.15	0.360718
2106.6	0.442263
2108.05	0.424732
2109.51	0.140733
2110.96	0.239736
2112.41	0.50397
2113.86	0.249979
2115.32	0.643681
2116.77	0.171363
2118.22	0.480851
2119.67	0.658427
2121.12	0.721641
2122.57	0.571191
2124.02	0.671002
2125.47	0.406645
2126.92	0.307845
2128.37	0.539591
2129.82	0.537825
2131.27	0.186957
2132.72	0.0674334
2134.17	0.990204
2135.62	0.474337
2137.06	0.952079
2138.51	0.456472
2139.96	0.723019
2141.41	0.726793
2142.85	0.533316
2144.3	0.58847
2145.75	0.726543
2147.19	0.765071
2148.64	0.753284
2150.09	0.75717
2151.53	0.428666
2152.97	0.563079
2154.42	0.497858
2155.86	0.680698
2157.31	0.697932
2158.75	1.29564
2160.2	1.00022
2161.64	0.822465
2163.08	1.12723
2164.53	1.25141
2165.97	0.529889
2167.41	0.870536
2168.86	1.16068
2170.3	1.26631
2171.74	1.40306
2173.18	0.888991
2174.62	0.905869
2176.06	0.938795
2177.5	1.08831
2178.94	0.656672
2180.38	0.758052
2181.82	1.02657
2183.26	1.01304
2184.7	1.08295
2186.14	1.48567
2187.58	1.07324
2189.02	1.11003
2190.46	1.27997
2191.89	0.883629
2193.33	0.90267
2194.77	1.03689
2196.21	1.33564
2197.64	0.983201
2199.08	0.646007
2200.52	0.557475
2201.95	0.817573
2203.39	1.0282
2204.83	0.808583
2206.26	0.789108
2207.7	0.919268
2209.13	0.717919
2210.57	0.664921
2212	0.59442
2213.43	0.490214
2214.87	0.319961
2216.3	0.513667
2217.73	0.85675
2219.17	0.590619
2220.6	0.984951
2222.03	0.851765
2223.47	0.882664
2224.9	0.236972
2226.33	0.923208
2227.76	0.373635
2229.19	0.365796
2230.62	0.488443
2232.05	0.348429
2233.49	0.51999
2234.91	0.49573
2236.34	0.685075
2237.77	0.190086
2239.2	0.187039
2240.63	0.642655
2242.06	0.0397787
2243.49	0.612454
2244.92	0.353643
2246.35	0.322499
2247.78	0.811643
2249.2	0.238646
2250.63	0.169094
2252.06	0.71645
2253.48	0.530213
2254.91	0.0359583
2256.34	0.128347
2257.76	0.206695
2259.19	0.25533
2260.61	0.339285
2262.04	0.425686
2263.46	0.107703
2264.89	0.504675
2266.31	0.446423
2267.74	0.338495
2269.16	0.359743
2270.59	0.217423
2272.01	-0.137149
2273.43	0.175699
2274.85	0.0815125
2276.28	0.378532
2277.7	0.00764751
2279.12	0.158301
2280.54	0.243743
2281.97	0.214922
2283.39	0.169684
2284.81	-0.104003
2286.23	0.373239
2287.65	0.589869
2289.07	0.447743
2290.49	-0.151616
2291.91	0.57293
2293.33	-0.10828
2294.75	0.486102
2296.17	-0.14675
2297.59	0.153215
2299.01	0.469869
2300.42	0.0658236
2301.84	0.432378
2303.26	0.307388
2304.68	0.428644
2306.1	-0.0412989
2307.51	0.145194
2308.93	0.101177
2310.35	0.138768
2311.76	0.340482
2313.18	0.180296
2314.59	0.283767
2316.01	0.289247
2317.43	0.625016
2318.84	0.302205
2320.26	0.176703
2321.67	0.181981
2323.08	0.515465
2324.5	0.450531
2325.91	0.663795
2327.33	0.660783
2328.74	0.689962
2330.15	0.604018
2331.56	0.617868
2332.98	0.0732889
2334.39	-0.12462
2335.8	0.253544
2337.21	0.0718908
2338.62	0.0702267
2340.04	0.264611
2341.45	-0.21545
2342.86	0.699518
2344.27	0.00608158
2345.68	0.198821
2347.09	-0.247174
2348.5	-0.10333
2349.91	0.252603
2351.31	-0.0138912
2352.72	-0.0522861
2354.13	-0.107847
2355.54	-0.115062
2356.95	-0.317966
2358.36	0.162642
2359.76	0.2524
2361.17	0.406981
2362.58	0.0424089
2363.98	0.164362
2365.39	0.23745
2366.8	0.0843239
2368.21	-0.277777
2369.61	-0.234955
2371.02	-0.0458784
2372.42	0.224795
2373.83	0.286856
2375.23	0.317038
2376.64	0.604216
2378.04	0.455807
2379.44	-0.0314207
2380.85	-0.23051
2382.25	-0.0136414
2383.66	-0.326647
2385.06	0.352589
2386.46	0.263755
2387.86	0.11219
2389.26	-0.0059948
2390.67	-0.186475
2392.07	-0.31781
2393.47	-0.0502558
2394.87	-0.0843506
2396.27	0.13663
2397.67	0.151474
2399.07	-0.2939
2400.47	0.0874548
2401.87	0.151313
2403.27	-0.0230312
2404.67	0.151629
2406.07	0.0396109
2407.47	-0.0415106
2408.87	-0.139185
2410.27	0.159199
2411.67	0.17233
2413.07	-0.0354385
2414.46	0.375636
2415.86	0.218157
2417.26	0.014514
2418.66	0.160064
2420.05	0.0684509
2421.45	0.309329
2422.84	-0.0520992
2424.24	0.0297585
2425.64	-0.316153
2427.03	0.114937
2428.43	-0.0236425
2429.82	0.457144
2431.22	0.399568
2432.61	-0.102436
2434.01	0.283972
2435.4	-0.0771503
2436.79	0.227448
2438.19	0.30811
2439.58	-0.0573254
2440.97	-0.37582
2442.37	0.0990953
2443.76	0.335353
2445.15	0.0795393
2446.54	-0.0335245
2447.93	0.0435448
2449.33	0.199726
2450.72	0.197671
2452.11	-0.215355
2453.5	-0.136858
2454.89	0.227195
2456.28	-0.214913
2457.67	0.15005
2459.06	0.151017
2460.45	0.00907326
2461.84	-0.117802
2463.23	-0.00829315
2464.62	0.147963
2466	-0.233139
2467.39	0.064764
2468.78	-0.252998
2470.17	0.359799
2471.55	-0.100321
2472.94	0.00650501
2474.33	0.0494719
2475.72	-0.222859
2477.1	-0.290793
2478.49	-0.0602837
2479.87	0.107251
2481.26	0.353085
2482.65	0.332119
2484.03	0.185467
2485.42	0.241491
2486.8	0.140025
2488.19	-0.0247231
2489.57	-0.0183668
2490.95	-0.105542
2492.34	0.0878096
2493.72	-0.184025
2495.1	0.150962
2496.49	-0.117867
2497.87	0.00174809
2499.25	0.0131006
2500.63	0.209701
2502.02	0.219748
2503.4	-0.0645771
2504.78	-0.194981
2506.16	0.0286722
2507.54	-0.133162
2508.92	0.274295
2510.3	-0.393668
2511.68	-0.369288
2513.06	0.130966
2514.44	0.233018
2515.82	0.121523
2517.2	0.270985
2518.58	-0.267154
2519.96	-0.025259
2521.34	0.460473
2522.72	0.242861
2524.1	-0.173596
2525.47	0.171885
2526.85	0.0292721
2528.23	-0.0822649
2529.6	0.0963488
2530.98	0.169953
2532.36	-0.271413
2533.74	0.261028
2535.11	0.186412
2536.49	0.0661716
2537.86	0.12756
2539.24	0.233537
2540.61	0.186796
2541.99	-0.0120392
2543.36	-0.180107
2544.74	-0.0287066
2546.11	0.169372
2547.49	0.581047
2548.86	0.295819
2550.23	0.663036
2551.61	0.271041
2552.98	0.257474
2554.35	0.13664
2555.72	0.136328
2557.09	-0.0465364
2558.47	0.316452
2559.84	-0.13907
2561.21	0.360982
2562.58	0.376593
2563.95	-0.334584
2565.32	0.121532
2566.69	-0.13435
2568.06	0.231205
2569.43	0.111814
2570.8	-0.219777
2572.17	0.312623
2573.54	-0.215927
2574.91	0.0590105
2576.28	0.273382
2577.65	0.457388
2579.02	0.11048
2580.39	0.142285
2581.75	0.249493
2583.12	0.219865
2584.49	0.387089
2585.85	0.129805
2587.22	0.357709
2588.59	0.176576
2589.95	0.101662
2591.32	-0.00367737
2592.68	0.299635
2594.05	0.495982
2595.42	-0.0508537
2596.78	0.0374565
2598.15	0.0190105
2599.51	0.166532
2600.88	0.011797
2602.24	-0.127158
2603.6	0.0214863
2604.97	0.0196629
2606.33	-0.374163
2607.69	0.242248
2609.06	-0.333362
2610.42	0.054472
2611.78	0.304999
2613.14	0.0427017
2614.51	0.0204782
2615.87	-0.016942
2617.23	0.215773
2618.59	0.283916
2619.95	-0.00637722
2621.31	0.347459
2622.67	0.148479
2624.03	-0.229188
2625.39	-0.0841398
2626.75	0.13503
2628.11	0.115143
2629.47	0.437445
2630.83	0.327583
2632.19	0.336713
2633.55	-0.114684
2634.91	-0.0310726
2636.26	-0.0662613
2637.62	0.180137
2638.98	-0.12162
2640.34	0.154239
2641.69	-0.102258
2643.05	0.114625
2644.41	0.301843
2645.76	-0.219379
2647.12	-0.0621433
2648.48	0.0941658
2649.83	0.102238
2651.19	0.447728
2652.54	-0.118283
2653.9	-0.213451
2655.25	-0.0438738
2656.6	0.287605
2657.96	-0.126655
2659.31	0.265008
2660.67	-0.118249
2662.02	0.185583
2663.37	0.459277
2664.73	0.220931
2666.08	0.0259237
2667.43	0.0784988
2668.78	0.0289803
2670.14	0.0816746
2671.49	0.367455
2672.84	-0.276409
2674.19	0.213794
2675.54	-0.0361719
2676.89	0.280486
2678.24	0.278506
2679.59	0.0308971
2680.94	0.146873
2682.29	0.206055
2683.64	-0.183076
2684.99	0.153796
2686.34	0.0125093
2687.69	-0.0419655
2689.04	-0.0540705
2690.39	0.541899
2691.74	0.468186
2693.08	-0.0858011
2694.43	0.229815
2695.78	0.0521965
2697.13	-0.240502
2698.47	0.076479
2699.82	-0.0104227
2701.17	0.266414
2702.51	0.139299
2703.86	0.143559
2705.21	0.162841
2706.55	0.327236
2707.9	-0.0453911
2709.24	0.176474
2710.58	0.0350761
2711.93	0.154814
2713.27	-0.190511
2714.62	0.088932
2715.96	0.339406
2717.3	0.197188
2718.65	0.301963
2719.99	0.0280867
2721.33	0.175715
2722.68	0.0900259
2724.02	-0.0980291
2725.36	0.397605
2726.71	0.29608
2728.05	0.179699
2729.39	0.0194502
2730.73	0.441121
2732.07	0.17888
2733.41	0.353203
2734.75	0.338583
2736.09	0.178731
2737.43	0.251739
2738.77	0.295632
2740.11	0.411982
2741.45	0.309718
2742.79	0.5848
2744.13	0.335841
2745.47	0.0428352
2746.81	-0.0325317
2748.14	0.0806856
2749.48	0.179346
2750.82	-0.0119238
2752.16	-0.014327
2753.49	0.128433
2754.83	-0.206822
2756.17	0.0665731
2757.5	0.253102
2758.84	-0.139233
2760.18	0.120275
2761.51	-0.0249996
2762.85	0.0617466
2764.18	-0.357625
2765.52	0.322627
2766.85	0.00408936
2768.19	0.0318747
2769.52	0.21742
2770.86	-0.176698
2772.19	0.25148
2773.52	-0.115609
2774.86	0.194963
2776.19	-0.0279608
2777.52	0.0664635
2778.86	-0.111925
2780.19	0.0984468
2781.52	0.208329
2782.85	0.0311422
2784.19	0.0118856
2785.52	0.0929699
2786.85	-0.112304
2788.18	0.126915
2789.51	0.209296
2790.84	-0.0793371
2792.17	-0.0381613
2793.5	-0.168092
2794.83	-0.0835524
2796.16	-0.170835
2797.49	0.626981
2798.82	-0.0184278
2800.15	-0.620899
2801.48	-0.181725
2802.81	0.0714922
2804.13	-0.188826
2805.46	-0.0504971
2806.79	-0.0268011
2808.12	0.38026
2809.45	0.274674
2810.77	-0.171518
2812.1	-0.0772085
2813.43	-0.0102568
2814.75	-0.197128
2816.08	-0.0423079
2817.41	0.0710411
2818.73	-0.0559931
2820.06	0.0437527
2821.38	0.469028
2822.71	0.397552
2824.03	0.155451
2825.36	0.0122795
2826.68	0.0958033
2828	0.349713
2829.33	0.250213
2830.65	-0.00451279
2831.98	0.123189
2833.3	0.406527
2834.62	0.675352
2835.94	1.08513
2837.27	0.277376
2838.59	0.304145
2839.91	1.17921
2841.23	1.2622
2842.55	1.10532
2843.87	0.807856
2845.2	1.45805
2846.52	1.79797
2847.84	1.38924
2849.16	1.70133
2850.48	1.17919
2851.8	1.6742
2853.12	2.02729
2854.44	1.70161
2855.76	1.84208
2857.08	1.88361
2858.39	2.13706
2859.71	1.9385
2861.03	2.17754
2862.35	2.34557
2863.67	2.40021
2864.98	3.11772
2866.3	3.0872
2867.62	3.49418
2868.94	3.549
2870.25	3.4915
2871.57	3.51877
2872.88	4.25037
2874.2	4.06493
2875.52	3.86427
2876.83	4.15526
2878.15	4.41686
2879.46	4.03096
2880.78	4.50325
2882.09	4.58269
2883.41	4.12965
2884.72	4.36601
2886.03	4.20989
2887.35	3.87146
2888.66	4.54293
2889.97	4.07691
2891.29	4.3674
2892.6	4.16643
2893.91	4.63786
2895.22	4.70325
2896.54	5.31544
2897.85	5.13094
2899.16	4.61198
2900.47	4.91947
2901.78	4.9197
2903.09	4.97612
2904.4	4.9208
2905.71	5.2015
2907.02	5.16116
2908.33	5.52745
2909.64	5.60103
2910.95	6.38904
2912.26	5.88955
2913.57	6.49495
2914.88	6.9167
2916.19	6.69228
2917.5	6.85785
2918.81	6.49046
2920.11	7.60564
2921.42	7.29486
2922.73	7.27936
2924.04	7.44732
2925.34	8.09196
2926.65	8.20622
2927.96	8.23665
2929.26	8.23861
2930.57	8.5474
2931.87	8.24045
2933.18	8.26868
2934.49	8.49255
2935.79	8.28328
2937.1	8.42362
2938.4	8.28469
2939.7	7.33568
2941.01	8.35758
2942.31	7.80157
2943.62	7.94581
2944.92	7.22507
2946.22	7.13468
2947.53	6.82108
2948.83	6.101
2950.13	6.58315
2951.43	6.37717
2952.74	6.35089
2954.04	5.66489
2955.34	5.90255
2956.64	5.66533
2957.94	5.92044
2959.24	6.02487
2960.54	5.48832
2961.84	5.55631
2963.15	5.40079
2964.45	5.41281
2965.75	4.67861
2967.05	5.34721
2968.34	4.76352
2969.64	5.26139
2970.94	5.0561
2972.24	5.32938
2973.54	4.91364
2974.84	4.70878
2976.14	4.58753
2977.43	4.33797
2978.73	4.03009
2980.03	3.88922
2981.33	3.91578
2982.62	3.54786
2983.92	3.61644
2985.22	3.74245
2986.51	3.68745
2987.81	3.31096
2989.11	2.86529
2990.4	2.47604
2991.7	2.64838
2992.99	2.70712
2994.29	2.45529
2995.58	2.35685
2996.88	2.11727
2998.17	2.13026
2999.46	2.32584
3000.76	1.91891
3002.05	1.80724
3003.34	1.51391
3004.64	1.20683
3005.93	1.37578
3007.22	1.23597
3008.52	1.19334
3009.81	0.870166
3011.1	0.714317
3012.39	1.17255
3013.68	0.834897
3014.97	0.484234
3016.27	0.469074
3017.56	0.691334
3018.85	0.565983
3020.14	0.482541
3021.43	0.537714
3022.72	0.66138
3024.01	0.658935
3025.3	0.51707
3026.59	0.0290084
3027.88	0.524739
3029.16	0.661273
3030.45	0.205032
3031.74	0.0407438
3033.03	0.498814
3034.32	0.501443
3035.6	-0.0482931
3036.89	0.173306
3038.18	0.434151
3039.47	0.142146
3040.75	0.41276
3042.04	0.475846
3043.33	0.0727248
3044.61	0.273767
3045.9	0.311905
3047.18	0.379464
3048.47	0.394677
3049.75	0.548489
3051.04	0.0624666
3052.32	0.600721
3053.61	0.524895
3054.89	0.830373
3056.18	0.398145
3057.46	0.374075
3058.74	0.648944
3060.03	0.51474
3061.31	0.353848
3062.59	0.588519
3063.88	0.579682
3065.16	0.599605
3066.44	0.389836
3067.72	0.575325
3069	0.448472
3070.29	0.647713
3071.57	0.179613
3072.85	0.403896
3074.13	0.436473
3075.41	0.0876231
3076.69	0.146199
3077.97	0.0422335
3079.25	0.360009
3080.53	0.19076
3081.81	-0.275345
3083.09	0.100781
3084.37	0.111317
3085.65	-0.244524
3086.93	0.444211
3088.21	0.127859
3089.49	-0.0262961
3090.76	0.104094
3092.04	0.424206
3093.32	0.106838
3094.6	-0.237241
3095.87	0.15121
3097.15	0.254914
3098.43	0.344941
3099.7	0.434766
3100.98	-0.220599
3102.26	0.153658
3103.53	-0.176026
3104.81	-0.247896
3106.08	0.100482
3107.36	0.260231
3108.63	-0.17447
3109.91	-0.242803
3111.18	0.00117254
3112.46	0.19186
3113.73	0.0036664
3115	-0.0627227
3116.28	0.141597
3117.55	0.155266
3118.83	0.27635
3120.1	-0.105481
3121.37	0.203385
3122.64	-0.0170865
3123.92	0.101068
3125.19	0.286985
3126.46	0.270168
3127.73	0.280966
3129	0.251686
3130.27	0.182175
3131.55	0.220941
3132.82	0.381124
3134.09	0.230137
3135.36	0.524221
3136.63	0.304718
3137.9	0.422
3139.17	0.457882
3140.44	0.183941
3141.71	0.313948
3142.98	0.658974
3144.24	0.466893
3145.51	0.396457
3146.78	0.527855
3148.05	0.632923
3149.32	0.510842
