200.523	0.096139
202.339	0.112329
204.154	0.129567
205.967	-0.144269
207.781	-0.125905
209.596	0.62108
211.409	0.613523
213.222	0.265113
215.034	0.352898
216.848	0.51285
218.659	0.648423
220.47	-0.280526
222.281	0.800044
224.091	-0.0538568
225.903	0.374312
227.713	0.1258
229.522	-0.122788
231.331	0.0145855
233.14	0.272234
234.948	0.819321
236.756	0.427037
238.566	0.301829
240.373	0.636653
242.18	0.10547
243.986	0.274519
245.792	0.322974
247.598	-0.0885448
249.403	0.125458
251.208	0.433546
253.013	0.16001
254.818	0.729622
256.624	-0.00355148
258.427	0.469575
260.231	-0.0681009
262.034	-0.0500097
263.836	0.427109
265.638	0.302829
267.44	0.467974
269.242	-0.017931
271.043	-0.239452
272.844	0.478413
274.645	0.086072
276.445	0.00589275
278.245	0.406234
280.044	0.371065
281.843	0.18986
283.642	0.704815
285.44	0.0644693
287.238	0.192786
289.036	0.0331488
290.833	-0.12558
292.63	0.195673
294.425	-0.19988
296.221	-0.115695
298.017	0.0648355
299.813	-0.136641
301.608	0.211185
303.403	0.199946
305.198	-0.0986481
306.992	0.484814
308.786	0.185482
310.579	0.315771
312.371	0.375458
314.163	-0.15882
315.956	0.689495
317.748	0.729733
319.54	0.175694
321.331	0.647022
323.122	0.2371
324.911	0.423574
326.701	0.634259
328.491	0.534392
330.281	0.959782
332.071	0.0690775
333.857	0.109384
335.646	1.0813
337.434	1.09414
339.222	-0.162771
341.008	0.636478
342.795	0.573888
344.582	0.821929
346.369	0.592513
348.153	0.578708
349.939	0.111754
351.724	0.408756
353.51	0.251775
355.292	0.714201
357.077	0.388337
358.861	0.943392
360.643	0.401337
362.426	0.858705
364.21	0.268543
365.99	0.296422
367.773	0.418543
369.555	0.255182
371.335	0.375667
373.116	0.566279
374.897	0.259892
376.676	0.379122
378.456	0.592831
380.236	0.406402
382.014	0.197712
383.793	0.084434
385.57	0.348404
387.349	0.190142
389.127	0.220787
390.903	0.416575
392.681	0.354642
394.456	0.457571
396.233	0.302468
398.007	0.734552
399.784	0.837709
401.56	-0.0929952
403.333	0.50248
405.108	-0.0770102
406.881	0.188397
408.656	0.406276
410.428	0.177803
412.202	0.395339
413.973	0.706988
415.746	-0.13054
417.517	-0.169683
419.29	0.237509
421.06	0.0582051
422.831	0.488968
424.601	0.308848
426.37	0.174913
428.141	0.0168457
429.909	0.562592
431.679	0.145927
433.447	0.269341
435.216	0.205256
436.983	0.211532
438.75	0.686603
440.519	0.386013
442.285	0.295042
444.052	0.249302
445.818	0.530079
447.583	0.458351
449.349	0.45652
451.114	0.524854
452.878	0.429928
454.643	0.288675
456.407	0.101
458.169	-0.179658
459.934	0.191708
461.696	0.330532
463.458	-0.110606
465.222	-0.0151868
466.983	-0.103532
468.744	0.298212
470.507	0.00406218
472.267	0.524457
474.027	0.183341
475.787	0.120013
477.548	0.287918
479.307	0.500967
481.065	0.0610189
482.823	0.226808
484.583	-0.00243902
486.341	-0.0439339
488.098	0.358991
489.855	0.227523
491.612	0.446826
493.37	-0.0339451
495.126	0.583737
496.881	0.781115
498.636	0.533413
500.391	0.120709
502.148	0.152743
503.902	0.442485
505.656	-0.0674448
507.409	0.14998
509.162	0.366391
510.915	0.369874
512.668	0.866242
514.42	0.349566
516.174	0.27891
517.925	0.418984
519.676	0.158526
521.427	0.0621767
523.178	0.646558
524.928	0.103549
526.678	1.1797
528.427	0.285276
530.176	0.352463
531.925	-0.306814
533.673	0.20439
535.422	0.456689
537.169	0.31018
538.917	0.442968
540.664	0.154782
542.411	0.285875
544.157	0.160453
545.903	0.314118
547.649	0.606791
549.395	0.0412884
551.14	0.449722
552.884	0.487317
554.629	0.594295
556.373	0.00881767
558.117	0.55469
559.86	0.109291
561.603	0.516791
563.346	0.00405741
565.089	0.182058
566.831	0.406252
568.573	-0.287477
570.314	-0.0389152
572.053	0.072865
573.794	0.415249
575.534	-0.0897746
577.274	-0.249529
579.014	-0.20183
580.754	0.305818
582.493	0.905957
584.23	-0.264053
585.968	-0.101864
587.706	0.0134606
589.444	0.42699
591.181	0.103584
592.919	0.37796
594.653	0.583183
596.39	0.489336
598.126	-0.294748
599.862	0.485323
601.595	0.0224175
603.33	-0.257321
605.065	0.266637
606.8	0.352532
608.532	-0.480837
610.266	-0.0510917
611.999	-0.0114107
613.732	0.464442
615.463	0.000784397
617.196	-0.187502
618.928	-0.21574
620.66	-0.221874
622.389	0.34296
624.12	-0.168017
625.851	0.189759
627.58	0.205481
629.31	-0.188061
631.04	0.561229
632.767	0.444987
634.497	0.375185
636.223	0.190936
637.952	-0.0403557
639.68	0.365347
641.406	1.01923
643.134	0.416731
644.861	0.201353
646.586	-0.104339
648.312	0.682935
650.037	0.176813
651.762	0.128285
653.486	0.21911
655.211	0.358108
656.936	0.248646
658.659	0.70955
660.383	0.646224
662.105	0.718493
663.829	0.35475
665.55	0.628868
667.273	0.558593
668.994	0.327607
670.716	0.257274
672.436	0.600348
674.158	0.602235
675.877	0.239078
677.598	0.197413
679.317	0.844804
681.035	0.871898
682.755	1.05859
684.473	0.0236702
686.192	0.736433
687.909	0.296688
689.628	0.731281
691.344	0.382138
693.06	0.907802
694.778	0.488446
696.493	0.344761
698.211	0.890805
699.925	0.515009
701.64	0.506619
703.356	0.612386
705.07	0.487789
706.783	0.798988
708.498	0.765382
710.211	0.754437
711.924	0.651639
713.638	0.937578
715.35	0.925784
717.061	0.73132
718.774	0.947852
720.485	0.867877
722.196	1.35744
723.906	0.435603
725.618	1.24287
727.328	1.23086
729.037	1.33196
730.746	1.59117
732.456	0.898352
734.165	0.455643
735.873	0.691903
737.58	1.31184
739.289	0.735556
740.997	0.904895
742.703	0.93981
744.41	0.705626
746.116	1.39542
747.823	0.98357
749.529	0.932888
751.234	0.523393
752.938	1.21707
754.643	0.922173
756.347	1.23596
758.051	1.19104
759.756	0.921951
761.459	1.14942
763.162	0.971502
764.865	1.15437
766.567	1.08802
768.269	1.29137
769.97	1.69658
771.671	1.26348
773.372	1.21363
775.073	1.32171
776.773	1.18153
778.473	1.01978
780.174	1.74124
781.874	1.37808
783.573	1.51268
785.271	1.51057
786.97	1.00847
788.668	1.2961
790.365	1.807
792.063	1.29789
793.76	1.42059
795.456	1.36239
797.153	1.46281
798.847	1.54194
800.543	1.19482
802.238	1.90656
803.933	1.87615
805.628	1.05883
807.322	1.90426
809.017	1.35553
810.71	1.83878
812.404	1.37878
814.097	2.01686
815.79	1.64631
817.483	1.81315
819.173	1.93509
820.865	3.12878
822.556	3.02683
824.248	2.59137
825.939	2.49204
827.629	1.7043
829.318	1.67653
831.008	1.7404
832.697	1.04917
834.387	1.47358
836.076	1.1632
837.765	1.43256
839.451	1.27698
841.139	0.9413
842.827	1.38638
844.514	1.20556
846.2	0.958179
847.886	1.00273
849.573	1.452
851.259	1.32176
852.943	1.55148
854.629	1.26634
856.314	1.20506
857.997	1.09777
859.682	0.876451
861.366	1.32891
863.05	1.14976
864.732	1.30747
866.415	1.9605
868.098	1.30547
869.779	1.03319
871.461	0.895894
873.141	0.645604
874.823	0.237237
876.505	1.6567
878.184	0.796983
879.865	0.839874
881.545	0.995357
883.223	0.33756
884.903	0.42391
886.581	0.0803795
888.26	0.525538
889.937	1.42013
891.616	0.577184
893.294	0.545067
894.97	0.624614
896.648	0.860524
898.323	1.00536
900	0.924809
901.675	0.79901
903.351	0.829692
905.026	0.815474
906.701	0.957705
908.375	0.743436
910.05	1.13158
911.723	0.963515
913.398	1.08524
915.07	1.16262
916.742	0.929344
918.415	0.519153
920.087	1.26114
921.76	1.25014
923.43	0.378093
925.103	0.590898
926.773	0.78283
928.443	0.402084
930.114	1.12581
931.783	1.14381
933.454	0.985531
935.123	0.628937
936.791	1.26524
938.461	0.0275736
940.128	0.996366
941.796	1.03987
943.464	0.576453
945.131	0.818969
946.797	0.50879
948.465	0.72692
950.131	0.987629
951.797	0.6295
953.462	1.0877
955.128	0.0254898
956.793	0.288573
958.457	0.333621
960.121	0.160097
961.786	0.362994
963.45	0.742902
965.113	0.922863
966.775	1.25566
968.44	0.76756
970.102	0.58755
971.763	0.473301
973.425	0.35948
975.086	0.136246
976.748	0.246104
978.409	0.113796
980.069	0.568314
981.729	1.02276
983.388	0.933887
985.048	0.422793
986.708	0.507789
988.367	0.746201
990.025	0.651722
991.683	0.512641
993.341	0.771155
994.998	0.698344
996.655	0.912505
998.312	1.01616
999.969	1.38391
1001.62	1.39853
1003.28	0.994652
1004.94	0.173247
1006.59	0.495597
1008.25	-0.0827074
1009.9	-0.023591
1011.56	0.276997
1013.21	0.599474
1014.86	0.680952
1016.52	0.543762
1018.17	0.713451
1019.82	0.511846
1021.48	0.726625
1023.13	0.308307
1024.78	0.480968
1026.43	0.632182
1028.08	0.761521
1029.73	0.453385
1031.38	0.253625
1033.03	0.467546
1034.68	0.0472593
1036.33	0.672956
1037.98	0.382142
1039.63	-0.0388546
1041.28	-0.00193691
1042.93	0.188081
1044.57	0.227157
1046.22	0.202536
1047.87	0.700595
1049.52	0.309505
1051.16	-0.0806694
1052.81	0.550701
1054.45	0.161326
1056.1	0.423819
1057.75	0.120979
1059.39	0.252511
1061.04	0.144394
1062.68	0.427074
1064.32	0.317636
1065.97	-0.0534554
1067.61	0.378934
1069.25	0.0281897
1070.9	0.415578
1072.54	-0.521531
1074.18	-0.0471611
1075.82	0.12399
1077.47	-0.00753689
1079.11	0.512451
1080.75	0.339084
1082.39	0.512644
1084.03	0.295195
1085.67	0.423375
1087.31	0.441525
1088.95	0.0249653
1090.59	-0.0245085
1092.22	0.119774
1093.86	0.13384
1095.5	-0.477608
1097.14	0.464643
1098.78	0.178725
1100.41	-0.0408649
1102.05	0.515845
1103.69	0.557312
1105.32	-0.0454731
1106.96	0.12657
1108.59	0.29833
1110.23	0.383168
1111.86	-0.00611305
1113.5	0.591847
1115.13	0.350908
1116.77	0.431608
1118.4	-0.152235
1120.03	0.529184
1121.67	0.0757942
1123.3	0.843604
1124.93	0.691648
1126.56	0.540505
1128.19	0.475607
1129.83	0.218872
1131.46	0.347472
1133.09	-0.336064
1134.72	0.583574
1136.35	0.284246
1137.98	0.197886
1139.61	0.00384903
1141.24	0.00136185
1142.86	-0.236216
1144.49	0.0384207
1146.12	-0.176976
1147.75	0.482252
1149.38	-0.285653
1151	-0.435122
1152.63	0.395036
1154.26	-0.0741329
1155.88	0.137708
1157.51	0.987587
1159.14	0.348425
1160.76	0.0292454
1162.39	0.667825
1164.01	0.584245
1165.63	-0.39194
1167.26	0.417662
1168.88	-0.32564
1170.51	0.0990524
1172.13	-0.540254
1173.75	0.412165
1175.38	0.259138
1177	0.339132
1178.62	-0.258632
1180.24	0.372665
1181.86	-0.180736
1183.48	0.0492401
1185.1	0.0676689
1186.72	0.296486
1188.34	-0.0881691
1189.96	0.474834
1191.58	0.424582
1193.2	0.310188
1194.82	0.384419
1196.44	-0.00272751
1198.06	-0.409035
1199.68	-0.0392971
1201.29	0.122543
1202.91	0.578489
1204.53	0.493423
1206.14	0.347532
1207.76	0.578233
1209.38	0.642204
1210.99	1.26858
1212.61	0.68391
1214.22	0.285478
1215.84	-0.010067
1217.45	0.525581
1219.07	-0.125052
1220.68	0.699401
1222.29	0.796954
1223.91	0.978247
1225.52	0.497989
1227.13	1.24042
1228.74	1.2387
1230.36	0.741853
1231.97	1.05244
1233.58	0.330532
1235.19	0.705083
1236.8	0.977292
1238.41	1.35379
1240.02	1.42084
1241.63	1.44671
1243.24	0.748193
1244.85	1.14544
1246.46	0.176178
1248.07	0.985664
1249.67	0.987505
1251.28	0.575358
1252.89	1.19774
1254.5	0.91055
1256.1	0.975895
1257.71	1.26984
1259.32	0.861319
1260.92	1.34338
1262.53	0.977149
1264.13	0.879951
1265.74	0.658014
1267.34	1.1194
1268.95	0.813109
1270.55	0.713239
1272.15	0.923527
1273.76	1.50612
1275.36	1.34148
1276.97	1.19685
1278.57	1.50733
1280.17	1.42364
1281.77	1.29837
1283.37	1.525
1284.97	1.06951
1286.58	1.46266
1288.18	1.48448
1289.78	1.40374
1291.38	1.1788
1292.98	1.92489
1294.58	0.955499
1296.18	1.76155
1297.78	1.05868
1299.37	1.42794
1300.97	1.11513
1302.57	1.37853
1304.17	1.76412
1305.77	1.69606
1307.36	0.888377
1308.96	1.1284
1310.55	0.835129
1312.15	1.32067
1313.75	1.84679
1315.34	1.47377
1316.94	1.38801
1318.53	1.50686
1320.13	0.973063
1321.72	1.25412
1323.32	1.89962
1324.91	1.46498
1326.5	1.72037
1328.1	1.50838
1329.69	1.47964
1331.28	1.87705
1332.87	1.22498
1334.47	1.54498
1336.06	1.70451
1337.65	1.60213
1339.24	1.2574
1340.83	1.7375
1342.42	0.605166
1344.01	1.78504
1345.6	1.03406
1347.19	1.18731
1348.78	1.3817
1350.37	1.45773
1351.96	1.33581
1353.54	1.49564
1355.13	1.15677
1356.72	0.858351
1358.31	0.859374
1359.89	1.27896
1361.48	1.27816
1363.07	0.837822
1364.65	1.13533
1366.24	1.05415
1367.82	0.794499
1369.41	0.516147
1370.99	0.776385
1372.58	0.938131
1374.16	0.782385
1375.75	0.786346
1377.33	0.909762
1378.91	1.37104
1380.5	1.2345
1382.08	0.758729
1383.66	1.25657
1385.25	0.819005
1386.83	0.778819
1388.41	0.83809
1389.99	0.877997
1391.57	1.01781
1393.15	1.09867
1394.73	1.08062
1396.31	1.2607
1397.89	0.964337
1399.47	1.24198
1401.05	0.686782
1402.63	0.58696
1404.21	0.566367
1405.78	0.684615
1407.36	0.744133
1408.94	0.903069
1410.52	1.18082
1412.1	0.352559
1413.67	0.728475
1415.25	0.787681
1416.82	1.00392
1418.4	0.963403
1419.98	1.15959
1421.55	0.273537
1423.13	1.18058
1424.7	0.809279
1426.28	1.38375
1427.85	0.954848
1429.42	0.87998
1431	1.15865
1432.57	1.16082
1434.14	1.55564
1435.71	1.83187
1437.29	1.69524
1438.86	1.95245
1440.43	1.52257
1442	1.99761
1443.57	1.5299
1445.14	1.55383
1446.71	1.7155
1448.28	1.50384
1449.85	1.27271
1451.42	2.24133
1452.99	1.63744
1454.56	1.78111
1456.13	1.59029
1457.7	1.79242
1459.26	2.32806
1460.83	1.54361
1462.4	1.21037
1463.97	1.80026
1465.54	1.03251
1467.1	0.874256
1468.67	1.12875
1470.23	0.834254
1471.8	1.03131
1473.36	1.18987
1474.93	0.996033
1476.49	0.724154
1478.06	0.844508
1479.62	1.10199
1481.19	0.712538
1482.75	0.656266
1484.31	0.678268
1485.88	0.425715
1487.44	0.72104
1489	0.838914
1490.56	0.622565
1492.13	0.0137815
1493.69	0.224794
1495.25	0.0243454
1496.81	0.466553
1498.37	0.712873
1499.93	0.803549
1501.49	0.642524
1503.05	0.657299
1504.61	0.2465
1506.17	0.978681
1507.73	0.239273
1509.28	0.0607767
1510.84	1.07809
1512.4	0.492764
1513.96	0.851655
1515.52	0.287195
1517.07	0.550071
1518.63	0.621185
1520.19	0.979924
1521.74	0.6301
1523.3	0.854137
1524.85	0.504295
1526.41	0.726495
1527.96	1.19487
1529.52	0.691835
1531.07	1.10152
1532.63	0.543561
1534.18	1.18072
1535.73	1.17413
1537.29	0.393743
1538.84	0.653572
1540.39	0.686913
1541.94	0.870955
1543.5	0.903995
1545.05	1.12481
1546.6	1.21352
1548.15	0.96419
1549.7	1.01523
1551.25	0.972698
1552.8	1.0429
1554.35	0.982944
1555.9	0.998921
1557.45	0.587017
1559	0.363595
1560.55	0.813311
1562.1	0.797823
1563.65	1.11903
1565.19	1.83259
1566.74	1.12814
1568.29	1.3565
1569.83	1.86456
1571.38	1.73768
1572.93	1.33053
1574.47	2.08062
1576.02	1.97204
1577.56	1.7703
1579.11	1.73692
1580.66	1.68541
1582.2	1.74661
1583.74	1.37889
1585.29	1.66564
1586.83	1.50431
1588.38	1.1559
1589.92	1.64906
1591.46	1.76785
1593.01	1.54924
1594.55	1.55502
1596.09	1.692
1597.63	1.54827
1599.17	1.0675
1600.71	1.76869
1602.25	1.70143
1603.79	1.4275
1605.34	1.52846
1606.88	1.42161
1608.41	1.93333
1609.95	1.20262
1611.49	1.86066
1613.03	1.46483
1614.57	1.51879
1616.11	0.953406
1617.65	1.36379
1619.18	1.25013
1620.72	1.28761
1622.26	1.38236
1623.79	1.38412
1625.33	1.03023
1626.87	0.975271
1628.4	1.21864
1629.94	1.32978
1631.48	1.38387
1633.01	1.38156
1634.55	1.2115
1636.08	1.63932
1637.61	1.69453
1639.15	1.34007
1640.68	1.84316
1642.21	1.11578
1643.75	0.667486
1645.28	1.57715
1646.81	2.15013
1648.34	1.51426
1649.88	1.5295
1651.41	1.35999
1652.94	1.58118
1654.47	1.8958
1656	1.19134
1657.53	1.32104
1659.06	1.57963
1660.59	1.24453
1662.12	1.50062
1663.65	1.23782
1665.18	1.45519
1666.71	1.45107
1668.24	2.09332
1669.76	1.9804
1671.29	1.7952
1672.82	1.16898
1674.35	1.46421
1675.87	1.72224
1677.4	0.893597
1678.93	1.31564
1680.45	1.09291
1681.98	0.980071
1683.5	0.151015
1685.03	1.01126
1686.55	0.752061
1688.08	0.695116
1689.6	1.02321
1691.13	0.728655
1692.65	0.727241
1694.17	0.616025
1695.7	0.980094
1697.22	0.795423
1698.74	0.373285
1700.27	1.08278
1701.79	0.459617
1703.31	-0.0902281
1704.83	0.270831
1706.35	0.485401
1707.87	-0.136821
1709.39	-0.303968
1710.91	0.581758
1712.43	-0.038825
1713.95	0.573676
1715.47	0.51544
1716.99	0.421062
1718.51	0.308659
1720.03	0.467237
1721.55	-0.150124
1723.07	0.531929
1724.58	0.673302
1726.1	0.419403
1727.62	0.220757
1729.13	0.112939
1730.65	0.16752
1732.17	0.150155
1733.68	0.291699
1735.2	0.215824
1736.72	0.352949
1738.23	0.447078
1739.74	0.0031395
1741.26	0.658456
1742.77	0.168281
1744.29	-0.0567327
1745.8	0.0850172
1747.32	0.393198
1748.83	0.12056
1750.34	0.177277
1751.85	0.42244
1753.37	0.0864139
1754.88	0.249325
1756.39	0.13689
1757.9	0.0451689
1759.41	-0.00521946
1760.92	0.423876
1762.44	0.127264
1763.95	-0.012887
1765.46	0.0195799
1766.96	-0.170954
1768.47	-0.0180998
1769.98	0.0667925
1771.49	0.0560188
1773	-0.219832
1774.51	-0.264442
1776.02	0.292037
1777.53	-0.0706925
1779.03	0.0331554
1780.54	0.228566
1782.05	0.29977
1783.55	0.454005
1785.06	0.173291
1786.57	0.0311751
1788.07	-0.202488
1789.58	-0.050354
1791.08	0.160591
1792.59	0.101367
1794.09	0.158911
1795.6	0.0326819
1797.1	0.017035
1798.61	0.2631
1800.11	0.165511
1801.61	-0.0254631
1803.12	0.0143409
1804.62	0.0966434
1806.12	0.207047
1807.62	0.161852
1809.12	0.0884047
1810.63	0.0119028
1812.13	0.0657187
1813.63	-0.0358429
1815.13	0.151606
1816.63	-0.0671663
1818.13	-0.110856
1819.63	-0.00468683
1821.13	0.263317
1822.63	0.0758953
1824.13	0.225104
1825.63	0.228947
1827.13	0.166988
1828.62	0.269178
1830.12	0.117931
1831.62	0.208332
1833.12	0.162867
1834.61	-0.122486
1836.11	0.0259428
1837.61	0.0713639
1839.1	0.103517
1840.6	0.0717974
1842.09	0.206269
1843.59	-0.332852
1845.09	0.370818
1846.58	0.0730715
1848.08	0.0372663
1849.57	-0.0568342
1851.06	-0.0161462
1852.56	-0.0863771
1854.05	-0.0516047
1855.54	-0.0514064
1857.04	0.0837669
1858.53	-0.0664244
1860.02	0.146495
1861.51	-0.164748
1863.01	0.0822501
1864.5	-0.344715
1865.99	-0.0714588
1867.48	0.306499
1868.97	0.0742798
1870.46	0.220421
1871.95	0.187389
1873.44	0.185721
1874.93	-0.215788
1876.42	0.0600557
1877.91	0.0851235
1879.4	-0.224176
1880.89	0.179024
1882.37	0.254657
1882.46	0.258524
1883.95	0.240046
1885.45	-0.0404196
1886.94	-0.00778723
1888.43	0.00699615
1889.93	-0.308698
1891.42	0.0200748
1892.91	-0.10223
1894.41	-0.136206
1895.9	-0.203792
1897.39	0.303164
1898.88	0.0622945
1900.37	0.029367
1901.86	0.308339
1903.36	0.0988641
1904.85	-0.0246792
1906.34	0.14664
1907.83	-0.0990438
1909.32	0.08989
1910.81	0.383493
1912.29	0.191929
1913.78	0.209031
1915.27	0.139512
1916.76	0.225809
1918.25	0.36364
1919.74	0.119836
1921.23	0.135917
1922.71	-0.17672
1924.2	-0.280822
1925.69	0.343006
1927.17	-0.0364332
1928.66	0.086689
1930.15	-0.171121
1931.63	0.280467
1933.12	-0.221436
1934.6	-0.101256
1936.09	0.17328
1937.57	0.239076
1939.06	0.0452113
1940.54	-0.165464
1942.02	0.263272
1943.51	0.0886469
1944.99	-0.0506759
1946.47	0.0517449
1947.96	0.0850124
1949.44	0.152156
1950.92	-0.0914507
1952.4	0.060288
1953.88	-0.0121651
1955.37	0.070055
1956.85	0.221137
1958.33	-0.0736756
1959.81	0.301407
1961.29	-0.0435972
1962.77	0.023221
1964.25	0.0555897
1965.73	0.00193214
1967.21	0.0847373
1968.69	0.115622
1970.16	0.19729
1971.64	0.244466
1973.12	-0.101056
1974.6	0.0315633
1976.08	0.0107293
1977.55	-0.0440068
1979.03	0.224818
1980.51	-0.289209
1981.98	0.115267
1983.46	0.162241
1984.94	-0.487045
1986.41	0.255255
1987.89	0.0473256
1989.36	0.110893
1990.84	0.242568
1992.31	0.171839
1993.79	0.152682
1995.26	0.11728
1996.73	-0.0697908
1998.21	-0.341192
1999.68	-0.123115
2001.15	-0.057529
2002.63	-0.026114
2004.1	-0.0117078
2005.57	-0.199278
2007.04	-0.082972
2008.51	0.337055
2009.99	0.370351
2011.46	0.0842352
2012.93	0.269527
2014.4	-0.319654
2015.87	-0.353931
2017.34	0.166177
2018.81	0.28177
2020.28	0.0271616
2021.75	0.326882
2023.21	-0.112019
2024.68	0.221862
2026.15	-0.399701
2027.62	0.405621
2029.09	0.00442505
2030.56	0.107428
2032.02	0.0602055
2033.49	0.248363
2034.96	0.100797
2036.42	0.0200486
2037.89	0.157296
2039.36	-0.159473
2040.82	0.0278687
2042.29	0.148316
2043.75	0.185292
2045.22	0.138853
2046.68	0.345494
2048.14	-0.0706439
2049.61	0.355234
2051.07	0.258064
2052.54	-0.0764503
2054	0.464597
2055.46	0.245371
2056.93	0.0588784
2058.39	0.158361
2059.85	0.0218015
2061.31	0.121364
2062.77	0.187806
2064.23	0.305476
2065.7	0.104157
2067.16	0.172764
2068.62	-0.06111
2070.08	-0.210625
2071.54	0.128099
2073	-0.0719867
2074.46	0.468613
2075.92	0.217554
2077.38	0.1346
2078.83	-0.13389
2080.29	0.0182838
2081.75	-0.267727
2083.21	0.085537
2084.67	0.0846829
2086.12	0.352422
2087.58	0.182281
2089.04	-0.307337
2090.49	0.29522
2091.95	-0.110225
2093.41	0.139112
2094.86	-0.0144987
2096.32	-0.0174479
2097.77	0.146612
2099.23	-0.00803614
2100.68	0.28883
2102.14	0.334727
2103.59	0.197494
2105.05	0.028017
2106.5	0.210091
2107.95	0.342832
2109.41	0.309055
2110.86	0.341598
2112.31	0.356458
2113.76	0.220116
2115.21	0.548644
2116.67	0.061254
2118.12	0.455285
2119.57	0.351737
2121.02	0.399094
2122.47	0.298654
2123.92	-0.132259
2125.37	0.0675106
2126.82	0.349989
2128.27	0.233813
2129.72	0.414949
2131.17	0.396182
2132.62	0.0954032
2134.07	0.440105
2135.51	0.437782
2136.96	0.320859
2138.41	0.568955
2139.86	0.768919
2141.31	0.672706
2142.75	0.362421
2144.2	0.482528
2145.65	0.453914
2147.09	0.408508
2148.54	0.627604
2149.98	0.962127
2151.43	0.948038
2152.87	0.518911
2154.32	0.702196
2155.76	1.19985
2157.21	0.852618
2158.65	0.356892
2160.1	0.441913
2161.54	0.710547
2162.98	0.63265
2164.43	0.671991
2165.87	0.57925
2167.31	0.818621
2168.75	0.691799
2170.2	0.879494
2171.64	0.683055
2173.08	0.734596
2174.52	0.518906
2175.96	0.91814
2177.4	1.00144
2178.84	0.9523
2180.28	0.887317
2181.72	0.806401
2183.16	1.17494
2184.6	1.26109
2186.04	0.831633
2187.48	0.768089
2188.92	0.571419
2190.36	0.224855
2191.79	0.677101
2193.23	0.979072
2194.67	0.580756
2196.11	0.514095
2197.54	0.29624
2198.98	0.709191
2200.42	0.140443
2201.85	0.385937
2203.29	0.614946
2204.72	0.69526
2206.16	0.245946
2207.59	0.476686
2209.03	0.607762
2210.46	0.903653
2211.9	0.123235
2213.33	0.186297
2214.77	0.017909
2216.2	0.625976
2217.63	0.409287
2219.07	0.32567
2220.5	0.226289
2221.93	0.357834
2223.36	0.274616
2224.8	0.239867
2226.23	0.121627
2227.66	0.380495
2229.09	0.670728
2230.52	0.336288
2231.95	0.231837
2233.39	0.324239
2234.81	0.171716
2236.25	0.281737
2237.67	0.409083
2239.1	-0.0170693
2240.53	0.0642447
2241.96	0.342566
2243.39	0.214072
2244.82	-0.207732
2246.25	0.446555
2247.68	0.10474
2249.1	0.201712
2250.53	0.231765
2251.96	0.358102
2253.38	0.158294
2254.81	0.316476
2256.24	0.410512
2257.66	0.18167
2259.09	-0.0286798
2260.51	0.120054
2261.94	0.157057
2263.36	0.179067
2264.79	0.120138
2266.21	0.59747
2267.64	0.310105
2269.06	-0.0595756
2270.49	0.107112
2271.91	0.354919
2273.33	0.27697
2274.76	0.329361
2276.18	0.104941
2277.6	0.239097
2279.02	0.308169
2280.44	-0.2098
2281.87	0.234216
2283.29	0.172624
2284.71	0.306852
2286.13	0.571891
2287.55	0.0862904
2288.97	0.237698
2290.39	0.242476
2291.81	0.100348
2293.23	0.399753
2294.65	0.323103
2296.07	0.09901
2297.49	0.30044
2298.91	-0.0549178
2300.33	0.0812278
2301.74	-0.192226
2303.16	-0.0884094
2304.58	-0.214171
2306	-0.225149
2307.41	0.371571
2308.83	0.113656
2310.25	-0.0133452
2311.66	0.155348
2313.08	0.0114827
2314.5	0.361588
2315.91	0.136186
2317.33	0.207704
2318.74	0.19723
2320.16	0.401008
2321.57	0.257663
2322.98	0.360387
2324.4	0.329333
2325.81	0.428551
2327.23	0.509874
2328.64	0.722324
2330.05	0.0616579
2331.46	0.587699
2332.88	0.176075
2334.29	0.489333
2335.7	-0.167925
2337.11	-0.0686283
2338.52	-0.463288
2339.94	0.0946851
2341.35	0.191509
2342.76	0.172934
2344.17	0.0559454
2345.58	0.185143
2346.99	0.248879
2348.4	0.165246
2349.81	-0.131215
2351.22	0.307798
2352.62	-0.0222745
2354.03	-0.189272
2355.44	0.132579
2356.85	-0.0675659
2358.26	0.51343
2359.67	-0.174081
2361.07	0.130024
2362.48	0.0443521
2363.89	0.120754
2365.29	-0.110456
2366.7	-0.179425
2368.11	0.0104942
2369.51	-0.0250401
2370.92	0.0210333
2372.32	0.0519147
2373.73	0.212346
2375.13	0.356856
2376.54	0.0826602
2377.94	-0.143785
2379.35	0.239569
2380.75	-0.00504971
2382.15	0.118604
2383.56	0.225263
2384.96	-0.0364628
2386.36	0.198023
2387.76	0.209189
2389.17	-0.0657802
2390.57	-0.036654
2391.97	-0.13408
2393.37	-0.151097
2394.77	-0.406062
2396.17	0.118693
2397.58	0.198542
2398.98	0.199337
2400.38	-0.117214
2401.78	0.0113196
2403.18	0.028687
2404.58	0.15694
2405.97	0.205144
2407.37	0.474758
2408.77	0.347015
2410.17	0.36179
2411.57	0.0281405
2412.97	-0.0829129
2414.37	0.10783
2415.76	0.236258
2417.16	0.270705
2418.56	0.274198
2419.95	0.182969
2421.35	0.218351
2422.75	0.34854
2424.14	-0.155227
2425.54	0.275844
2426.93	0.247793
2428.33	0.236221
2429.72	0.241214
2431.12	0.040484
2432.51	0.315925
2433.91	0.0830398
2435.3	0.0080471
2436.7	0.0908356
2438.09	0.172507
2439.48	0.523227
2440.88	0.428398
2442.27	-0.0954165
2443.66	0.428252
2445.05	0.285167
2446.44	0.284776
2447.84	0.173348
2449.23	-0.11224
2450.62	-0.0649199
2452.01	0.473393
2453.4	0.23661
2454.79	-0.157624
2456.18	-0.108324
2457.57	-0.0746069
2458.96	0.401876
2460.35	0.197805
2461.74	-0.00678396
2463.13	0.0252447
2464.52	0.0726137
2465.91	-0.0224218
2467.29	-0.338449
2468.68	0.103133
2470.07	-0.275929
2471.46	0.133219
2472.85	0.525657
2474.23	-0.027566
2475.62	0.426293
2477.01	0.234706
2478.39	0.294657
2479.78	0.370321
2481.16	-0.118495
2482.55	0.0201311
2483.93	0.2991
2485.32	0.342319
2486.7	0.197109
2488.09	-0.0578346
2489.47	-0.0789275
2490.86	-0.0689607
2492.24	0.06569
2493.62	0.123145
2495.01	0.0573597
2496.39	0.116612
2497.77	0.0989709
2499.15	-0.0732145
2500.54	0.0175729
2501.92	-0.216895
2503.3	0.536601
2504.68	0.377824
2506.06	0.0493979
2507.45	-0.278497
2508.83	-0.0982361
2510.21	-0.102371
2511.59	-0.106051
2512.97	-0.21648
2514.35	-0.0657344
2515.73	0.345616
2517.11	0.313408
2518.48	0.159346
2519.86	0.219523
2521.24	0.141994
2522.62	-0.0275002
2524	-0.182115
2525.38	-0.062674
2526.75	0.117277
2528.13	0.312424
2529.51	0.340825
2530.89	0.0511971
2532.26	0.158071
2533.64	-0.0835185
2535.02	0.0248871
2536.39	0.0117421
2537.77	0.104474
2539.14	0.226859
2540.52	0.0448966
2541.89	0.211852
2543.27	0.0602489
2544.64	0.318893
2546.01	-0.210365
2547.39	-0.0561619
2548.76	0.0986881
2550.14	-0.0346246
2551.51	-0.0772471
2552.88	0.016068
2554.25	0.047924
2555.63	-0.0270972
2557	0.125017
2558.37	0.1253
2559.74	0.156079
2561.11	0.263011
2562.49	-0.205492
2563.86	-0.0522003
2565.23	0.0710917
2566.6	0.149106
2567.97	-0.0152917
2569.34	-0.0129828
2570.71	0.00447416
2572.08	-0.11446
2573.45	-0.142406
2574.82	0.193543
2576.18	-0.00106525
2577.55	0.441055
2578.92	0.322028
2580.29	0.142077
2581.66	-0.311103
2583.02	0.0845513
2584.39	0.28287
2585.76	0.117301
2587.13	0.0579371
2588.49	0.104807
2589.86	0.151757
2591.22	0.274384
2592.59	0.154221
2593.96	0.00321436
2595.32	0.245288
2596.69	0.304753
2598.05	-0.0751777
2599.42	-0.061862
2600.78	0.283921
2602.14	0.342735
2603.51	0.235942
2604.87	0.0542111
2606.23	0.4309
2607.6	-0.00717974
2608.96	-0.0686812
2610.32	0.260655
2611.69	0.347726
2613.05	0.253304
2614.41	0.00825119
2615.77	-0.0264282
2617.13	0.119002
2618.49	-0.139805
2619.86	0.365567
2621.22	0.227714
2622.58	0.120344
2623.94	0.416474
2625.3	-0.227954
2626.66	0.00814867
2628.02	-0.0692601
2629.37	0.270146
2630.73	0.0434837
2632.09	0.277948
2633.45	0.289181
2634.81	0.255841
2636.17	0.341171
2637.53	0.0262437
2638.88	0.200475
2640.24	0.137815
2641.6	0.26762
2642.96	0.146295
2644.31	0.394347
2645.67	-0.0661378
2647.02	0.166634
2648.38	0.20705
2649.74	-0.0181108
2651.09	0.344721
2652.45	0.295335
2653.8	0.363562
2655.16	0.212329
2656.51	0.281854
2657.86	0.147224
2659.22	0.0865679
2660.57	-0.0468254
2661.93	0.565166
2663.28	0.226641
2664.63	0.238245
2665.98	0.0450583
2667.34	0.128712
2668.69	0.0373983
2670.04	0.208317
2671.39	0.0885587
2672.75	0.347209
2674.09	0.0977402
2675.45	0.356971
2676.8	0.0360398
2678.15	0.0639076
2679.5	0.121348
2680.85	-0.0524583
2682.2	0.0210648
2683.55	0.0229435
2684.9	-0.0760145
2686.25	0.0864835
2687.6	0.0893574
2688.94	-0.0392642
2690.29	0.585803
2691.64	0.411013
2692.99	0.438264
2694.34	-0.0428138
2695.68	0.273563
2697.03	0.459671
2698.38	0.24112
2699.73	0.0528564
2701.07	0.0251412
2702.42	0.288186
2703.76	0.204434
2705.11	0.352962
2706.45	0.139071
2707.8	0.244027
2709.15	-0.130278
2710.49	-0.0404496
2711.83	0.368826
2713.18	0.429503
2714.52	-0.0476527
2715.87	-0.00171185
2717.21	0.291402
2718.55	0.0316677
2719.9	0.469989
2721.24	-0.139709
2722.58	0.254369
2723.93	0.167817
2725.27	0.32838
2726.61	0.212099
2727.95	-0.0790548
2729.29	0.153548
2730.63	0.0949736
2731.98	0.196414
2733.32	0.370618
2734.66	0.137632
2736	-0.00790644
2737.34	0.15209
2738.68	0.399314
2740.02	0.253688
2741.36	0.325845
2742.7	0.25212
2744.03	0.0907092
2745.37	0.306663
2746.71	0.217157
2748.05	-0.0901608
2749.39	-0.2521
2750.72	0.0358233
2752.06	0.265706
2753.4	0.0173283
2754.74	0.0879741
2756.07	0.274541
2757.41	0.345271
2758.75	0.068718
2760.08	0.0241332
2761.42	0.182498
2762.76	0.601631
2764.09	0.210693
2765.42	-0.00658751
2766.76	0.195394
2768.09	0.136292
2769.43	-0.126137
2770.76	0.188696
2772.1	-0.104415
2773.43	-0.138098
2774.76	0.000870705
2776.1	0.168346
2777.43	-0.0384068
2778.76	-0.230057
2780.1	0.139388
2781.43	0.0490093
2782.76	0.174084
2784.09	0.15553
2785.42	0.251631
2786.75	0.347727
2788.09	-0.185784
2789.42	0.011508
2790.75	-0.205501
2792.08	-0.164449
2793.41	-0.180268
2794.74	0.261302
2796.07	-0.140596
2797.4	0.171543
2798.73	0.283142
2800.06	-0.205112
2801.39	-0.108243
2802.71	-0.168444
2804.04	0.0419998
2805.37	0.137955
2806.7	-0.0370922
2808.03	0.0152092
2809.35	-0.0892234
2810.68	-0.0798907
2812.01	0.000786781
2813.33	0.181439
2814.66	0.0794291
2815.99	0.0352325
2817.31	0.176128
2818.64	0.260768
2819.96	0.203694
2821.29	0.018744
2822.61	0.159281
2823.94	0.115116
2825.26	-0.184264
2826.59	0.706055
2827.91	0.237174
2829.23	-0.231155
2830.56	-0.0903726
2831.88	0.0788631
2833.21	0.375446
2834.53	0.21884
2835.85	0.302499
2837.17	0.187643
2838.5	0.327142
2839.82	0.169425
2841.14	0.294618
2842.46	0.278683
2843.78	0.319738
2845.1	0.615674
2846.42	0.756596
2847.74	0.431408
2849.06	0.629169
2850.38	1.10942
2851.71	0.82608
2853.03	1.0229
2854.34	0.710682
2855.66	1.0342
2856.98	1.03269
2858.3	0.918214
2859.62	1.24156
2860.94	1.40937
2862.26	0.955708
2863.57	1.7299
2864.89	1.58632
2866.21	1.61207
2867.53	1.63799
2868.84	1.80523
2870.16	1.73307
2871.48	1.8584
2872.79	1.81438
2874.11	1.81211
2875.42	2.28796
2876.74	1.9319
2878.05	2.06807
2879.37	2.03508
2880.68	2.03047
2882	1.81571
2883.31	1.89684
2884.63	1.88035
2885.94	2.01875
2887.26	2.00279
2888.57	2.07071
2889.88	1.89956
2891.19	1.89617
2892.51	2.1446
2893.82	2.08447
2895.13	2.31871
2896.44	2.3434
2897.76	2.18696
2899.07	2.38114
2900.38	2.35206
2901.69	2.33734
2903	2.64451
2904.31	2.1405
2905.62	2.67177
2906.93	2.99366
2908.24	2.78464
2909.55	2.7581
2910.86	3.02588
2912.17	3.19583
2913.48	3.09927
2914.79	3.04364
2916.1	3.58869
2917.41	3.26456
2918.71	3.65336
2920.02	3.21657
2921.33	3.47964
2922.64	3.63169
2923.94	3.82672
2925.25	3.75709
2926.56	4.20518
2927.86	4.61145
2929.17	3.91302
2930.48	3.57764
2931.78	3.95486
2933.09	4.28989
2934.39	4.20554
2935.7	3.96757
2937	3.95337
2938.31	3.60394
2939.61	3.78576
2940.92	3.89809
2942.22	3.67572
2943.53	3.58002
2944.83	3.19175
2946.13	3.05587
2947.43	3.03229
2948.74	3.35847
2950.04	2.76001
2951.34	2.76214
2952.64	2.69288
2953.95	2.88862
2955.25	2.42606
2956.55	2.72005
2957.85	2.31563
2959.15	2.24902
2960.45	2.35244
2961.75	2.61169
2963.05	2.80185
2964.35	2.13554
2965.65	2.26809
2966.95	2.73687
2968.25	2.43177
2969.55	2.37903
2970.85	2.45274
2972.15	2.40011
2973.45	2.22109
2974.75	1.84492
2976.05	1.74975
2977.34	1.82263
2978.64	1.59861
2979.94	1.90833
2981.24	1.65401
2982.53	1.45571
2983.83	1.10316
2985.13	1.35597
2986.42	1.76434
2987.72	1.31661
2989.01	1.23502
2990.31	1.01312
2991.61	1.02982
2992.9	1.10201
2994.19	1.39808
2995.49	0.948689
2996.78	0.737778
2998.08	0.611102
2999.37	0.863451
3000.67	1.10197
3001.96	0.555842
3003.25	0.753062
3004.55	0.600065
3005.84	0.545031
3007.13	0.279649
3008.42	0.2518
3009.72	0.195409
3011.01	0.138586
3012.3	0.388717
3013.59	0.150179
3014.88	0.414167
3016.17	0.636518
3017.46	0.344048
3018.76	-0.18422
3020.05	-0.0303507
3021.34	0.206474
3022.63	0.0812931
3023.92	-0.127632
3025.21	-0.0316811
3026.49	0.160891
3027.78	0.187382
3029.07	-0.0895252
3030.36	0.18773
3031.65	0.0514803
3032.94	0.137041
3034.23	0.112431
3035.51	0.17029
3036.8	0.0617437
3038.09	0.351626
3039.38	0.0478139
3040.66	0.142184
3041.95	0.125833
3043.23	-0.137232
3044.52	0.36758
3045.81	0.134067
3047.09	-0.0153975
3048.38	0.301264
3049.66	0.196179
3050.95	0.133321
3052.23	0.344042
3053.52	0.213709
3054.8	0.31491
3056.09	0.592626
3057.37	0.201344
3058.65	0.600114
3059.94	0.0178618
3061.22	0.470799
3062.5	0.488768
3063.79	0.331043
3065.07	0.364918
3066.35	0.127994
3067.63	0.299736
3068.92	0.227102
3070.2	0.399131
3071.48	0.352989
3072.76	0.292397
3074.04	0.176576
3075.32	0.100955
3076.6	-0.00196552
3077.88	-0.308064
3079.16	0.160253
3080.44	0.0868158
3081.72	-0.283849
3083	0.201067
3084.28	-0.0324483
3085.56	-0.0759292
3086.84	-0.0382299
3088.12	-0.0824051
3089.4	0.11729
3090.67	0.0859604
3091.95	0.108852
3093.23	0.118329
3094.51	-0.0617762
3095.78	-0.255113
3097.06	0.378681
3098.34	0.280359
3099.61	-0.00765944
3100.89	0.0295844
3102.17	0.202332
3103.44	0.104466
3104.72	0.304858
3105.99	0.221569
3107.27	0.139029
3108.54	0.219698
3109.82	0.274156
3111.09	-0.0226064
3112.37	0.277028
3113.64	-0.00538921
3114.92	0.267838
3116.19	0.012145
3117.46	0.203374
3118.74	0.204072
3120.01	0.298973
3121.28	0.189857
3122.55	0.107563
3123.83	0.377463
3125.1	0.0650883
3126.37	0.281223
3127.64	0.430027
3128.91	0.268122
3130.19	0.458212
3131.46	0.378002
3132.73	0.176237
3134	0.474209
3135.27	0.407115
3136.54	0.204841
3137.81	0.67667
3139.08	0.366259
3140.35	0.60817
3141.62	0.37909
3142.89	0.486636
3144.16	0.554165
3145.42	0.407472
3146.69	0.248183
3147.96	0.545182
3149.23	0.628095
