200.43	0.0863161
202.244	0.107743
204.059	0.129974
205.873	-0.139019
207.688	-0.140218
209.501	0.198264
211.314	-0.120331
213.127	-0.31832
214.941	0.38047
216.753	0.0354328
218.564	-0.430265
220.375	0.484601
222.186	-0.0765495
223.999	0.0888309
225.809	0.254389
227.618	0.419774
229.428	-0.212209
231.236	-0.120095
233.045	0.236943
234.855	0.280378
236.663	0.276443
238.471	-0.256177
240.278	-0.208492
242.085	-0.0144939
243.891	0.325356
245.698	0.182705
247.503	0.183507
249.309	0.689198
251.116	0.178206
252.921	0.461611
254.725	0.164302
256.529	0.324947
258.333	0.2932
260.136	0.142246
261.939	-0.0794868
263.742	0.0372648
265.544	0.299375
267.346	0.826909
269.148	-0.236622
270.949	0.627523
272.75	-0.317474
274.55	-0.154564
276.351	0.585536
278.15	0.432077
279.95	0.252977
281.749	0.457504
283.548	0.15512
285.346	0.332592
287.144	0.269008
288.942	0.0855894
290.739	0.741448
292.536	0.248301
294.333	0.522488
296.129	0.701894
297.925	0.28452
299.721	0.0589323
301.514	0.54983
303.309	0.347287
305.104	0.35867
306.898	0.512341
308.692	-0.0495386
310.486	0.485519
312.279	0.354149
314.072	0.747986
315.862	0.666994
317.654	0.611277
319.446	0.628234
321.238	0.550803
323.029	0.235432
324.819	0.611997
326.608	-0.0376348
328.398	0.195718
330.188	0.763486
331.977	0.517658
333.766	0.892291
335.553	0.6431
337.341	0.679132
339.129	0.928696
340.917	0.72237
342.704	0.635006
344.489	0.643196
346.275	0.150179
348.062	-0.0554709
349.845	0.216782
351.631	0.441197
353.416	0.593467
355.201	0.553943
356.984	0.298758
358.768	0.0904212
360.552	0.429142
362.333	0.433457
364.116	0.48469
365.899	0.297662
367.68	0.395142
369.462	0.207186
371.243	0.682129
373.023	0.587596
374.804	0.469315
376.585	0.28051
378.363	0.0217633
380.143	0.0233431
381.923	0.190551
383.7	0.0527077
385.479	0.597749
387.256	0.250315
389.034	-0.260433
390.812	0.286672
392.588	0.71683
394.365	-0.167649
396.14	0.685992
397.916	0.388981
399.691	0.444094
401.467	0.428405
403.24	0.153835
405.015	0.13706
406.788	0.0492444
408.563	-0.0859652
410.335	-0.409176
412.109	0.183016
413.88	0.517196
415.654	0.101045
417.424	0.694474
419.197	0.302916
420.967	0.193097
422.739	0.0126433
424.508	-0.168384
426.279	0.0724692
428.048	0.89953
429.819	0.528949
431.587	-0.334481
433.356	0.327937
435.124	0.286503
436.891	0.503223
438.66	0.320431
440.426	0.347732
442.194	0.53764
443.96	0.186436
445.725	-0.189179
447.492	-0.167217
449.257	0.158332
451.021	0.366546
452.787	-0.078969
454.551	0.292799
456.314	0.0812993
458.079	0.149478
459.842	0.450299
461.604	0.379137
463.368	0.193068
465.13	0.357523
466.891	-0.0334682
468.654	-0.14362
470.415	0.491723
472.175	0.732722
473.935	0.251667
475.696	0.0483098
477.456	0.705102
479.215	0.615035
480.973	0.617321
482.733	0.479973
484.491	0.133934
486.249	0.441576
488.006	0.0985317
489.765	0.316451
491.522	-0.0714045
493.278	0.919088
495.034	0.414861
496.789	0.471434
498.544	0.62161
500.301	0.349596
502.056	0.193954
503.81	0.695058
505.564	0.13829
507.317	0.238269
509.071	0.0548654
510.825	0.293688
512.578	0.484285
514.33	0.203104
516.082	0.885464
517.833	-0.00918198
519.585	0.694578
521.335	0.292783
523.086	0.806883
524.836	0.287535
526.586	0.26136
528.335	0.282133
530.085	0.81837
531.835	0.651065
533.584	0.0619984
535.332	0.478626
537.08	0.706529
538.827	0.839486
540.574	0.0383697
542.321	0.449708
544.068	0.301409
545.814	0.199918
547.56	-0.365362
549.305	-0.094593
551.05	0.546232
552.795	-0.525887
554.54	0.18363
556.282	0.199407
558.025	-0.314939
559.769	0.139695
561.512	0.709061
563.255	-0.0791092
564.997	0.145692
566.739	0.140985
568.481	-0.368176
570.223	-0.00405359
571.964	0.0396566
573.705	-0.00716114
575.443	0.33735
577.183	-0.0509958
578.923	0.0893912
580.663	0.48315
582.402	-0.13367
584.141	0.0991569
585.879	0.331419
587.615	0.148782
589.353	-0.149874
591.09	0.263978
592.828	0.240287
594.564	0.653612
596.299	-0.152399
598.035	0.398986
599.771	0.144877
601.506	0.0512133
603.242	0.0716362
604.974	0.343843
606.709	-0.281339
608.443	-0.447147
610.177	-0.130906
611.908	0.139447
613.642	0.203784
615.374	0.085247
617.105	-0.0559583
618.837	0.214814
620.569	0.255629
622.3	0.318328
624.03	0.0373802
625.761	0.053772
627.491	0.00243092
629.219	0.454667
630.949	0.360886
632.677	0.930492
634.406	0.131751
636.135	0.519547
637.861	0.563671
639.59	0.400271
641.318	0.417163
643.043	0.637227
644.77	0.42327
646.495	0.710379
648.222	0.793931
649.948	0.857218
651.672	0.537369
653.398	0.334145
655.121	0.224272
656.846	0.411988
658.569	0.464092
660.293	0.630105
662.015	0.40696
663.738	0.341678
665.46	-0.251369
667.183	0.411546
668.903	0.113522
670.626	0.547899
672.346	0.297503
674.067	0.438008
675.787	0.374109
677.508	0.724073
679.226	0.822247
680.947	0.253171
682.665	0.533026
684.385	0.167054
686.102	0.167686
687.821	0.351392
689.538	0.511286
691.254	1.03919
692.972	0.576091
694.688	0.550087
696.406	0.546351
698.121	0.173373
699.835	0.305972
701.552	0.667537
703.266	0.3844
704.98	0.74418
706.695	0.368612
708.409	0.429019
710.121	0.580685
711.836	0.937845
713.548	1.33989
715.26	0.55271
716.973	0.817163
718.685	0.921546
720.396	0.706803
722.108	1.08462
723.818	0.506238
725.528	1.24728
727.238	0.533157
728.949	0.61422
730.658	0.785478
732.367	1.22788
734.075	0.945217
735.785	0.64055
737.493	1.14966
739.2	0.710849
740.907	0.882157
742.614	1.21183
744.322	1.29454
746.028	0.590712
747.734	1.21577
749.439	0.82943
751.144	0.82654
752.849	1.342
754.555	0.936318
756.26	1.56682
757.963	1.23093
759.667	1.34645
761.37	1.55323
763.073	1.35463
764.775	1.31359
766.477	1.24901
768.179	1.2055
769.883	1.36375
771.584	1.31687
773.285	1.67586
774.986	1.74046
776.686	2.39333
778.386	1.21581
780.085	1.84847
781.785	1.30598
783.484	1.55538
785.182	1.75876
786.881	1.34907
788.579	2.06855
790.276	2.08345
791.974	1.59876
793.671	1.49741
795.367	2.23064
797.064	1.70115
798.76	1.35403
800.456	1.30141
802.151	1.67743
803.846	1.8738
805.541	1.84509
807.234	1.72586
808.928	1.44859
810.622	2.36009
812.315	1.76705
814.008	2.04828
815.701	1.65721
817.394	1.91542
819.086	1.77097
820.778	2.11816
822.468	2.1081
824.159	2.23249
825.85	1.62257
827.541	1.81684
829.231	1.65692
830.921	1.20994
832.609	1.65613
834.298	1.70319
835.987	2.10803
837.676	2.04453
839.364	1.89068
841.051	1.64603
842.738	1.17671
844.426	1.66767
846.113	1.68998
847.798	1.1547
849.484	1.89605
851.171	1.27462
852.857	1.46049
854.54	1.62506
856.226	1.34062
857.911	1.50441
859.593	1.28462
861.278	1.13062
862.961	1.65101
864.645	1.06649
866.327	0.999334
868.01	0.728699
869.692	1.08909
871.373	0.953097
873.055	0.884577
874.735	1.38006
876.416	0.657068
878.097	1.13009
879.776	1.37742
881.457	0.92469
883.135	1.23892
884.815	1.07822
886.495	1.36786
888.172	1.09204
889.851	1.01815
891.528	1.10095
893.206	1.25013
894.882	0.768112
896.56	0.735723
898.237	0.635261
899.912	0.870795
901.589	1.28438
903.263	1.13709
904.94	1.16877
906.614	1.22288
908.289	1.14355
909.962	1.64411
911.635	1.45469
913.31	1.11063
914.982	0.789723
916.656	1.22367
918.328	1.16918
920.001	0.959865
921.672	0.662868
923.345	1.09663
925.015	1.1776
926.685	1.08328
928.357	0.968292
930.026	0.766062
931.698	1.49109
933.366	0.716024
935.035	0.73536
936.705	0.843217
938.373	0.731162
940.041	1.25963
941.71	1.37006
943.377	0.797096
945.044	1.26109
946.712	1.06213
948.378	0.4644
950.044	0.836434
951.709	-0.116404
953.376	0.938365
955.041	0.780981
956.706	0.603631
958.372	0.693326
960.036	0.674855
961.699	0.701718
963.362	0.308571
965.027	0.709936
966.69	0.357417
968.352	0.622235
970.014	1.0403
971.676	0.926655
973.339	0.68068
975	0.701198
976.661	1.09906
978.322	0.613388
979.982	0.49308
981.642	0.372424
983.303	0.461051
984.962	0.813899
986.621	1.01012
988.28	-0.0120144
989.938	0.314733
991.596	0.331235
993.254	-0.160425
994.911	0.518479
996.57	1.10843
998.227	0.83777
999.884	1.27239
1001.54	1.37582
1003.2	0.972587
1004.85	0.525665
1006.51	1.04619
1008.16	0.995098
1009.82	0.680993
1011.47	0.323776
1013.12	0.580997
1014.78	0.0715814
1016.43	0.263546
1018.08	0.60884
1019.74	0.232666
1021.39	0.141757
1023.04	0.357706
1024.69	0.443146
1026.34	0.660115
1028	0.13417
1029.65	0.612835
1031.3	0.260451
1032.95	0.321927
1034.6	0.600295
1036.25	0.637411
1037.9	0.652039
1039.54	0.144138
1041.19	-0.0145035
1042.84	0.414886
1044.49	0.823363
1046.14	-0.00502586
1047.78	0.189003
1049.43	0.080152
1051.08	0.363159
1052.72	0.429616
1054.37	0.0400577
1056.02	0.0850153
1057.66	-0.0876055
1059.31	0.217702
1060.95	0.413891
1062.6	0.370323
1064.24	0.260839
1065.88	0.56366
1067.53	0.191772
1069.17	0.601517
1070.81	0.5761
1072.45	0.463764
1074.1	-0.385859
1075.74	0.804764
1077.38	0.456056
1079.02	0.498711
1080.66	0.28173
1082.3	-0.195449
1083.94	0.0856991
1085.58	-0.0245838
1087.22	0.340437
1088.86	0.357072
1090.5	-0.190183
1092.14	0.148925
1093.78	0.14149
1095.42	0.0262947
1097.05	-0.00187969
1098.69	0.121726
1100.33	-0.270232
1101.96	0.0496321
1103.6	0.198452
1105.24	0.412714
1106.87	0.197215
1108.51	0.476168
1110.14	0.173702
1111.78	0.171157
1113.41	0.0815024
1115.05	0.463313
1116.68	0.350735
1118.31	0.431312
1119.95	0.383744
1121.58	0.336968
1123.21	-0.329643
1124.85	0.160296
1126.48	-0.140835
1128.11	0.32857
1129.74	-0.0569134
1131.37	0.071208
1133	0.627076
1134.63	-0.035655
1136.26	0.113475
1137.89	0.0481148
1139.52	0.409112
1141.15	0.0644999
1142.78	-0.258826
1144.41	0.228718
1146.04	-0.434902
1147.66	0.0747609
1149.29	0.0521097
1150.92	-0.0127716
1152.55	0.241813
1154.17	-0.0149293
1155.8	-0.186686
1157.43	0.194739
1159.05	0.342219
1160.68	0.150018
1162.3	-0.0413036
1163.93	0.00200796
1165.55	0.30084
1167.17	0.174256
1168.8	0.450845
1170.42	-0.549188
1172.05	0.59587
1173.67	0.315823
1175.29	-0.176952
1176.91	-0.393774
1178.54	0.131246
1180.16	0.190311
1181.78	0.228803
1183.4	0.0774746
1185.02	0.116522
1186.64	0.0703869
1188.26	-0.103453
1189.88	0.0166988
1191.5	0.261512
1193.12	-0.315399
1194.74	-0.282473
1196.36	0.00196505
1197.97	-0.0487256
1199.59	0.759416
1201.21	0.167811
1202.83	0.247288
1204.44	0.203394
1206.06	0.39064
1207.68	0.0364227
1209.29	0.496039
1210.91	0.162398
1212.52	0.098731
1214.14	0.575281
1215.75	0.591396
1217.37	0.710082
1218.98	0.619906
1220.59	0.218422
1222.21	0.585568
1223.82	0.434977
1225.43	0.202948
1227.05	0.386202
1228.66	0.384167
1230.27	0.465788
1231.88	0.238205
1233.49	0.75565
1235.1	0.529946
1236.72	0.594518
1238.33	0.887298
1239.94	0.519037
1241.55	0.978092
1243.16	0.816461
1244.76	0.633479
1246.37	0.408308
1247.98	0.720376
1249.59	1.13526
1251.2	1.03261
1252.8	0.764663
1254.41	0.476632
1256.02	0.272146
1257.62	0.337453
1259.23	0.65196
1260.84	1.40203
1262.44	0.827754
1264.05	0.812388
1265.66	0.879599
1267.26	0.282978
1268.86	0.825678
1270.47	0.953049
1272.07	1.22474
1273.67	1.30898
1275.28	0.832732
1276.88	0.687539
1278.48	0.396813
1280.09	1.03762
1281.69	0.249565
1283.29	0.62078
1284.89	0.743937
1286.49	0.0614419
1288.09	0.062099
1289.69	0.621375
1291.29	0.994939
1292.89	0.645228
1294.49	0.460335
1296.09	1.24524
1297.69	0.459416
1299.29	0.415887
1300.89	1.15472
1302.49	0.222912
1304.08	0.670897
1305.68	0.582936
1307.28	0.823366
1308.88	1.22719
1310.47	1.4252
1312.07	1.02942
1313.66	1.65762
1315.26	1.52942
1316.85	0.687639
1318.45	0.888098
1320.04	0.945477
1321.64	1.20576
1323.23	0.772497
1324.83	0.765671
1326.42	0.899901
1328.01	1.3577
1329.61	1.4098
1331.2	1.05856
1332.79	0.669378
1334.38	0.767113
1335.97	0.845801
1337.56	1.34839
1339.16	1.14442
1340.75	1.72496
1342.34	1.03499
1343.93	0.646384
1345.52	0.659354
1347.11	0.973135
1348.7	1.2875
1350.29	0.822739
1351.87	0.160603
1353.46	1.31998
1355.05	0.520885
1356.64	1.18121
1358.22	0.582349
1359.81	0.761969
1361.4	1.31983
1362.98	0.839148
1364.57	0.338804
1366.16	0.516647
1367.74	1.133
1369.33	1.45117
1370.91	1.09368
1372.5	0.51856
1374.08	0.282645
1375.67	0.266116
1377.25	0.667548
1378.83	0.531358
1380.41	0.732688
1382	0.893179
1383.58	0.43611
1385.16	0.495458
1386.74	-0.0416083
1388.33	0.474403
1389.91	0.772102
1391.49	0.832161
1393.07	0.55557
1394.65	0.676082
1396.23	1.05419
1397.81	0.361111
1399.39	0.53965
1400.97	0.341018
1402.55	-0.0755811
1404.13	0.596345
1405.7	0.41769
1407.28	0.832791
1408.86	0.339366
1410.44	0.577485
1412.01	0.716714
1413.59	0.638281
1415.17	0.874924
1416.74	0.499342
1418.32	0.183
1419.89	0.438503
1421.47	0.556705
1423.04	0.675999
1424.62	0.855543
1426.19	0.85892
1427.77	0.902103
1429.34	0.767948
1430.91	0.613447
1432.49	0.832016
1434.06	0.557925
1435.63	0.735993
1437.2	0.992747
1438.78	1.56443
1440.35	0.996835
1441.92	0.941064
1443.49	1.20029
1445.06	1.30263
1446.63	1.83756
1448.2	1.15395
1449.77	0.883281
1451.34	1.04548
1452.91	1.50315
1454.48	1.92199
1456.05	1.35723
1457.62	1.5002
1459.18	1.56347
1460.75	1.23176
1462.32	1.39053
1463.89	0.702274
1465.45	1.38968
1467.02	0.209897
1468.59	1.23057
1470.15	0.288507
1471.72	1.0155
1473.28	0.664199
1474.85	1.15685
1476.41	0.806602
1477.98	0.848629
1479.54	-0.0895033
1481.1	0.7757
1482.67	0.582384
1484.23	0.545785
1485.79	0.136734
1487.36	0.569491
1488.92	0.374524
1490.48	0.530601
1492.04	0.176517
1493.61	0.270732
1495.17	0.441485
1496.73	0.260284
1498.29	0.273968
1499.85	0.249137
1501.41	0.263971
1502.97	0.45419
1504.53	0.334711
1506.09	0.25438
1507.65	0.618564
1509.2	0.363049
1510.76	0.570354
1512.32	0.101996
1513.88	0.154211
1515.43	0.360192
1516.99	0.0477519
1518.55	-0.0524526
1520.1	0.518439
1521.66	0.437693
1523.22	0.720053
1524.77	0.638449
1526.33	0.136796
1527.88	0.264173
1529.44	0.961209
1530.99	0.517023
1532.54	0.548489
1534.1	0.410108
1535.65	0.651144
1537.21	0.325544
1538.76	0.642905
1540.31	0.224533
1541.86	0.579427
1543.42	0.519533
1544.97	0.139988
1546.52	0.474792
1548.07	0.245905
1549.62	1.01088
1551.17	0.782039
1552.72	0.385689
1554.27	1.01872
1555.82	0.605939
1557.37	0.568341
1558.92	0.830782
1560.47	0.534889
1562.02	0.557386
1563.56	0.207601
1565.11	0.69781
1566.66	0.721705
1568.21	1.10006
1569.75	1.06756
1571.3	0.792093
1572.85	0.628393
1574.39	0.632592
1575.94	0.972836
1577.49	1.1079
1579.03	0.776564
1580.57	1.1365
1582.12	1.01159
1583.66	1.24222
1585.21	1.34279
1586.75	1.49992
1588.3	0.983965
1589.84	0.523559
1591.38	1.20433
1592.92	1.24856
1594.47	1.19894
1596.01	1.243
1597.55	1.17496
1599.09	1.31363
1600.63	0.927745
1602.17	1.34888
1603.71	1.39488
1605.25	0.933162
1606.79	1.03386
1608.33	1.15194
1609.87	1.17429
1611.41	1.32636
1612.95	0.819478
1614.49	0.85645
1616.03	1.06185
1617.57	0.96742
1619.1	1.04259
1620.64	0.763003
1622.18	0.57822
1623.72	0.880866
1625.25	0.528316
1626.79	0.811668
1628.32	0.382999
1629.86	0.8326
1631.39	0.776349
1632.93	0.794574
1634.46	0.551656
1636	1.16782
1637.53	0.646501
1639.07	1.07685
1640.6	1.11557
1642.13	0.93026
1643.67	0.893272
1645.2	1.41369
1646.73	0.909962
1648.26	0.852681
1649.8	0.944304
1651.33	1.03653
1652.86	1.38926
1654.39	1.40884
1655.92	1.03969
1657.45	1.6713
1658.98	0.968312
1660.51	1.41275
1662.04	1.41154
1663.57	1.53883
1665.1	1.44381
1666.63	1.18312
1668.16	1.05274
1669.68	1.08952
1671.21	1.79072
1672.74	1.44242
1674.27	0.744798
1675.79	0.72857
1677.32	1.06147
1678.85	1.02538
1680.37	1.154
1681.9	0.620412
1683.42	0.78503
1684.95	0.967834
1686.47	0.508805
1688	0.765458
1689.52	0.912212
1691.05	0.418172
1692.57	0.803115
1694.09	0.309649
1695.62	0.767226
1697.14	0.657706
1698.66	0.475016
1700.18	0.31049
1701.71	0.474094
1703.23	0.637061
1704.75	0.362328
1706.27	0.342447
1707.79	0.613265
1709.31	0.0298719
1710.83	0.554562
1712.35	0.425721
1713.87	0.188511
1715.39	0.748266
1716.91	0.18561
1718.43	0.400928
1719.95	0.308856
1721.47	0.199018
1722.99	0.450323
1724.5	0.0894213
1726.02	-0.0180483
1727.54	0.343497
1729.06	0.381594
1730.57	0.454016
1732.09	0.523059
1733.61	0.00761557
1735.12	-0.263674
1736.64	0.266235
1738.15	0.345429
1739.67	0.208422
1741.18	-0.185361
1742.7	0.0855508
1744.21	0.249265
1745.72	-0.0710382
1747.24	0.0904593
1748.75	0.262442
1750.26	0.0227084
1751.77	0.56652
1753.29	0.414905
1754.8	0.292078
1756.31	0.231722
1757.82	0.273624
1759.33	0.238295
1760.84	0.196845
1762.36	0.207361
1763.87	0.527924
1765.38	-0.0317392
1766.89	0.130757
1768.4	0.281479
1769.91	-0.226238
1771.41	0.058301
1772.92	0.151126
1774.43	0.0702887
1775.94	0.208571
1777.45	-0.0276394
1778.95	0.451254
1780.46	0.0882721
1781.97	0.00590038
1783.48	0.208263
1784.98	0.482539
1786.49	0.334132
1787.99	0.114427
1789.5	0.311281
1791.01	0.138639
1792.51	-0.188303
1794.01	-0.0397458
1795.52	0.173106
1797.02	0.0851297
1798.53	0.172759
1800.03	0.0406556
1801.53	0.141316
1803.04	0.151628
1804.54	-0.0599089
1806.04	0.198745
1807.54	0.335009
1809.05	0.159092
1810.55	0.0517335
1812.05	0.344408
1813.55	0.0777225
1815.05	0.0478482
1816.55	-0.251348
1818.05	0.0418768
1819.55	0.00460291
1821.05	0.124592
1822.55	-0.0336394
1824.05	-0.0713434
1825.55	0.0136642
1827.05	0.0862985
1828.55	0.146611
1830.04	0.122818
1831.54	-0.008636
1833.04	-0.019012
1834.54	0.0982141
1836.03	0.247019
1837.53	0.139769
1839.03	0.0212379
1840.52	0.125021
1842.02	0.339397
1843.51	0.129143
1845.01	-0.147154
1846.5	-0.0187001
1848	0.288231
1849.49	0.431213
1850.99	-0.0393949
1852.48	0.217876
1853.97	-0.275454
1855.47	0.148168
1856.96	-0.139104
1858.45	-0.0349226
1859.94	-0.0155058
1861.44	0.159416
1862.93	-0.0314341
1864.42	0.0251617
1865.91	-0.0267844
1867.4	-0.0167656
1868.89	0.259478
1870.38	0.254073
1871.87	-0.239878
1873.36	-0.130147
1874.85	-0.0250211
1876.34	-0.0732579
1877.83	-0.0212431
1879.32	-0.077528
1880.81	0.142318
1882.3	0.310836
1882.57	0.335325
1884.07	0.423992
1885.56	0.355191
1887.06	0.0768361
1888.55	-0.0274858
1890.04	0.0598264
1891.54	0.460775
1893.03	0.201934
1894.52	-0.0903492
1896.02	-0.0860524
1897.51	-0.116009
1899	0.236623
1900.49	0.588632
1901.98	-0.0346951
1903.47	-0.328554
1904.96	0.193889
1906.45	0.0724673
1907.94	0.159545
1909.43	0.108105
1910.92	0.0399904
1912.41	0.250062
1913.9	0.0441794
1915.39	-0.491047
1916.88	-0.246127
1918.37	0.188977
1919.85	-0.0522103
1921.34	0.226325
1922.83	0.210612
1924.32	0.00507832
1925.8	0.28507
1927.29	0.617729
1928.78	-0.139916
1930.26	0.0546241
1931.75	0.335221
1933.23	0.303094
1934.72	0.0793438
1936.2	-0.197245
1937.69	0.0271254
1939.17	0.095407
1940.66	0.0429411
1942.14	-0.233237
1943.63	-0.266979
1945.11	0.0447192
1946.59	-0.17795
1948.07	-0.0559821
1949.56	0.341014
1951.04	0.272079
1952.52	0.0477271
1954	0.270356
1955.48	0.509815
1956.96	0.0108433
1958.45	0.35388
1959.93	-0.29787
1961.41	0.0458145
1962.89	-0.0905805
1964.37	-0.0385361
1965.85	-0.123873
1967.32	0.440791
1968.8	0.149119
1970.28	0.404386
1971.76	-0.126572
1973.24	-0.0423713
1974.72	0.382879
1976.19	0.142957
1977.67	-0.0454326
1979.15	0.24307
1980.63	0.0208793
1982.1	-0.0141563
1983.58	0.0695543
1985.05	0.271721
1986.53	-0.0693007
1988	-0.0878205
1989.48	-0.038373
1990.95	0.028368
1992.43	-0.107312
1993.9	0.0113621
1995.38	0.181162
1996.85	0.283551
1998.32	0.183175
1999.8	0.0825644
2001.27	0.420359
2002.74	0.116578
2004.22	-0.0352697
2005.69	0.217642
2007.16	-0.068141
2008.63	0.337247
2010.1	0.0527797
2011.57	0.139065
2013.04	0.427316
2014.51	-0.0925837
2015.98	0.379841
2017.45	-0.225003
2018.92	-0.0566053
2020.39	0.262496
2021.86	0.547585
2023.33	0.463357
2024.8	0.446869
2026.27	0.297024
2027.74	0.232067
2029.2	0.168105
2030.67	0.33987
2032.14	0.0592585
2033.61	0.483839
2035.07	0.320908
2036.54	0.325585
2038.01	0.430707
2039.47	0.384337
2040.94	0.573253
2042.4	0.0226779
2043.87	0.178713
2045.33	0.268141
2046.8	0.32448
2048.26	0.19576
2049.72	0.336323
2051.19	0.122232
2052.65	-0.0255704
2054.12	0.398838
2055.58	0.518469
2057.04	-0.172049
2058.5	0.485464
2059.97	0.266482
2061.43	0.31734
2062.89	0.335044
2064.35	0.0168133
2065.81	-0.0651174
2067.27	0.627626
2068.73	0.193177
2070.19	0.263815
2071.65	0.0988035
2073.11	0.270392
2074.57	0.0713701
2076.03	0.225733
2077.49	-0.0411491
2078.95	0.196903
2080.41	0.50197
2081.87	0.419345
2083.32	0.302625
2084.78	0.387389
2086.24	0.202458
2087.7	0.0340805
2089.15	0.352947
2090.61	0.25143
2092.07	-0.169016
2093.52	0.0988588
2094.98	0.366262
2096.43	0.599488
2097.89	0.195518
2099.34	0.12643
2100.8	0.257909
2102.25	0.472881
2103.71	0.454329
2105.16	0.0694928
2106.61	0.136307
2108.07	0.837509
2109.52	0.538093
2110.97	0.538494
2112.43	0.388023
2113.88	0.686175
2115.33	0.317255
2116.78	0.114616
2118.23	0.427439
2119.68	0.192934
2121.13	0.142417
2122.59	0.341916
2124.04	0.276934
2125.49	0.295259
2126.94	0.396283
2128.39	0.397141
2129.83	0.0325437
2131.28	0.594917
2132.73	0.891313
2134.18	0.409857
2135.63	0.37586
2137.08	0.111439
2138.53	0.244907
2139.97	0.363014
2141.42	0.41606
2142.87	0.321049
2144.31	0.606856
2145.76	0.429554
2147.21	0.185665
2148.65	0.471194
2150.1	0.623776
2151.54	0.378087
2152.99	0.579093
2154.43	0.0174046
2155.88	0.582057
2157.32	0.699389
2158.77	0.750926
2160.21	0.869616
2161.65	0.542101
2163.1	0.298402
2164.54	0.702384
2165.98	0.509752
2167.43	0.250286
2168.87	0.821044
2170.31	0.64274
2171.75	0.795641
2173.19	0.814182
2174.64	0.31617
2176.07	0.549685
2177.52	0.600347
2178.96	0.601607
2180.4	0.620114
2181.84	0.838702
2183.28	0.625348
2184.72	0.578412
2186.15	0.74776
2187.59	0.484555
2189.03	0.870321
2190.47	0.790125
2191.91	0.343439
2193.35	0.412305
2194.78	0.613505
2196.22	0.197584
2197.66	0.279849
2199.09	0.227945
2200.53	0.640676
2201.97	0.53804
2203.4	0.734606
2204.84	0.55029
2206.27	0.58227
2207.71	-0.014976
2209.14	0.663203
2210.58	0.148558
2212.01	0.75861
2213.45	0.342567
2214.88	0.273887
2216.31	0.370738
2217.75	0.517683
2219.18	0.483888
2220.61	0.631997
2222.05	0.730631
2223.48	0.581572
2224.91	0.497571
2226.34	0.544173
2227.78	0.359444
2229.21	0.322042
2230.64	0.513883
2232.07	0.180807
2233.5	0.503355
2234.93	0.237064
2236.36	0.266079
2237.79	0.165442
2239.22	0.441377
2240.65	0.49002
2242.08	0.637672
2243.5	0.492537
2244.93	0.412841
2246.36	0.202191
2247.79	0.545044
2249.22	0.348295
2250.64	0.476127
2252.07	0.553773
2253.5	0.598207
2254.92	0.220368
2256.35	0.44473
2257.78	0.232257
2259.2	0.654433
2260.63	0.20238
2262.05	0.546968
2263.48	-0.0653305
2264.9	0.426892
2266.33	0.5617
2267.75	0.728631
2269.18	0.2278
2270.6	0.377296
2272.02	0.591664
2273.45	0.447704
2274.87	0.482917
2276.29	0.420512
2277.71	0.113702
2279.14	-0.013916
2280.56	0.445399
2281.98	0.643877
2283.4	0.385568
2284.82	0.518803
2286.24	0.358426
2287.66	0.149202
2289.08	0.397455
2290.5	0.499083
2291.92	0.306713
2293.34	0.343209
2294.76	0.396069
2296.18	0.301587
2297.6	0.174227
2299.02	0.358055
2300.44	0.329086
2301.86	0.169081
2303.27	-0.0401349
2304.69	0.374287
2306.11	0.559147
2307.53	0.398883
2308.94	0.0244102
2310.36	0.0603752
2311.78	0.260602
2313.19	0.362202
2314.61	0.612269
2316.02	0.122006
2317.44	0.406108
2318.85	0.295155
2320.27	0.381828
2321.68	0.434834
2323.1	0.321564
2324.51	0.520312
2325.92	0.618483
2327.34	0.764901
2328.75	1.04248
2330.16	0.298698
2331.58	0.346482
2332.99	0.131623
2334.4	0.312301
2335.81	0.26273
2337.23	0.0812998
2338.64	0.310357
2340.05	0.275548
2341.46	0.125214
2342.87	0.0567994
2344.28	0.529631
2345.69	-0.0796347
2347.1	0.458535
2348.51	0.374041
2349.92	0.305742
2351.33	0.514893
2352.74	0.331065
2354.15	9.91821e-005
2355.55	0.207236
2356.96	0.136933
2358.37	0.213126
2359.78	0.419199
2361.19	0.332759
2362.59	0.29512
2364	0.208887
2365.41	0.494879
2366.81	0.295569
2368.22	-0.128964
2369.62	0.625441
2371.03	0.444653
2372.44	0.00721884
2373.84	-0.0265932
2375.24	0.358336
2376.65	-0.0295968
2378.05	0.273603
2379.46	0.0772896
2380.86	0.0247216
2382.26	0.340164
2383.67	0.0777483
2385.07	0.231701
2386.47	0.28968
2387.88	0.348117
2389.28	0.726089
2390.68	-0.0108743
2392.08	0.0977306
2393.48	-0.0477571
2394.89	0.205002
2396.29	0.14004
2397.69	0.282123
2399.09	0.265608
2400.49	0.265299
2401.89	0.201652
2403.29	0.15392
2404.69	0.0106878
2406.09	0.263803
2407.48	0.405062
2408.88	0.434654
2410.28	0.131132
2411.68	-0.0927229
2413.08	0.0483646
2414.48	0.427639
2415.87	0.443655
2417.27	0.333899
2418.67	0.398881
2420.06	0.0681777
2421.46	0.497601
2422.86	0.467477
2424.25	0.453003
2425.65	0.280106
2427.04	0.424483
2428.44	-0.0804968
2429.83	0.33464
2431.23	0.322158
2432.62	0.405005
2434.02	0.614614
2435.41	0.617056
2436.81	0.284809
2438.2	0.507604
2439.59	0.284697
2440.99	0.42654
2442.38	0.13933
2443.77	-0.0367703
2445.16	0.0250721
2446.56	0.245303
2447.95	0.195849
2449.34	0.304825
2450.73	0.287187
2452.12	0.3174
2453.51	0.158231
2454.9	0.284444
2456.29	0.0156035
2457.68	0.395524
2459.07	0.0635295
2460.46	0.253107
2461.85	0.189111
2463.24	0.28269
2464.63	0.43901
2466.02	0.342328
2467.4	-0.148958
2468.79	-0.0245018
2470.18	0.0366249
2471.57	0.0501099
2472.95	0.000131607
2474.34	0.138631
2475.73	-0.0223489
2477.12	0.445367
2478.5	-0.108467
2479.89	0.0291157
2481.27	0.386096
2482.66	0.0687857
2484.04	0.0491047
2485.43	0.169644
2486.81	-0.241956
2488.2	0.142497
2489.58	-0.1134
2490.97	0.456128
2492.35	-0.110131
2493.73	0.210621
2495.12	-0.135424
2496.5	0.0158849
2497.88	-0.0183687
2499.27	-0.300067
2500.65	-0.0866423
2502.03	0.249598
2503.41	-0.249152
2504.79	0.116286
2506.17	0.126187
2507.56	0.0589628
2508.94	-0.0848913
2510.32	0.309317
2511.7	0.227567
2513.08	0.207789
2514.46	-0.148346
2515.84	-0.0595622
2517.22	-0.0315986
2518.59	-0.033906
2519.97	0.00973272
2521.35	0.00733662
2522.73	0.0808358
2524.11	-0.0750809
2525.49	-0.00260639
2526.86	0.145729
2528.24	0.0658746
2529.62	-0.256446
2530.99	0.486439
2532.37	0.0751686
2533.75	0.333403
2535.12	0.181874
2536.5	-0.106415
2537.88	0.091013
2539.25	-0.091917
2540.63	-0.0475187
2542	-0.170315
2543.38	0.0561204
2544.75	-0.0355616
2546.12	0.237593
2547.5	0.0716505
2548.87	-0.00276423
2550.24	-0.228918
2551.62	0.19714
2552.99	0.152194
2554.36	0.030715
2555.74	-0.273343
2557.11	0.0746236
2558.48	0.25553
2559.85	-0.078887
2561.22	0.238903
2562.59	-0.0643158
2563.96	-0.00342512
2565.34	0.330508
2566.71	-0.0779505
2568.08	0.241072
2569.45	-0.197665
2570.82	0.000146866
2572.18	0.19801
2573.55	-0.0436406
2574.92	0.0785723
2576.29	0.140188
2577.66	0.307902
2579.03	-0.161354
2580.4	0.112146
2581.77	0.0366426
2583.13	0.0973706
2584.5	0.0366678
2585.87	0.279116
2587.23	0.127531
2588.6	0.0670323
2589.97	0.203627
2591.33	0.340123
2592.7	0.158094
2594.06	0.00590467
2595.43	-0.101409
2596.79	-0.027637
2598.16	0.0304446
2599.52	0.435963
2600.89	-0.0957117
2602.25	-0.0224037
2603.62	0.187122
2604.98	0.170501
2606.34	0.0936813
2607.71	0.0167079
2609.07	-0.12102
2610.43	0.102139
2611.79	0.113441
2613.16	0.214202
2614.52	-0.256511
2615.88	0.158891
2617.24	-0.0109882
2618.6	0.194252
2619.96	0.0554876
2621.32	0.0818973
2622.68	0.0488434
2624.04	0.225031
2625.4	0.162203
2626.76	-0.124377
2628.12	0.274689
2629.48	0.00294781
2630.84	0.177832
2632.2	-0.108457
2633.56	0.0810056
2634.92	0.136581
2636.28	-0.119366
2637.63	-0.00445795
2638.99	0.0806985
2640.35	0.0770664
2641.71	-0.000297546
2643.06	-0.254635
2644.42	0.0967517
2645.77	-0.0982237
2647.13	-0.189981
2648.49	0.145129
2649.84	0.258399
2651.2	0.34161
2652.55	0.233552
2653.91	0.0672026
2655.26	0.253441
2656.62	0.484045
2657.97	-0.133772
2659.33	0.30294
2660.68	0.125387
2662.03	0.225581
2663.39	-0.156704
2664.74	0.23457
2666.09	0.551876
2667.44	0.00856781
2668.8	-0.0825019
2670.15	-0.0131965
2671.5	0.158127
2672.85	0.227936
2674.2	-0.0794768
2675.55	0.0347252
2676.91	0.091167
2678.26	0.235025
2679.61	0.161873
2680.96	-0.142524
2682.31	0.00331068
2683.66	0.207943
2685	-0.050858
2686.35	0.082243
2687.7	-0.162069
2689.05	0.158956
2690.4	-0.188838
2691.75	0.0574198
2693.1	-0.0311098
2694.44	0.126361
2695.79	-0.0787292
2697.14	-0.0948958
2698.49	0.00562
2699.83	-0.0231433
2701.18	-0.0218401
2702.52	-0.0485578
2703.87	0.186204
2705.22	0.11706
2706.56	0.265465
2707.91	-0.0505152
2709.25	0.329809
2710.6	0.187387
2711.94	0.117343
2713.29	0.192488
2714.63	0.122294
2715.97	-0.0497532
2717.32	0.185259
2718.66	-0.0743856
2720.01	-0.232513
2721.35	-0.172659
2722.69	0.0324774
2724.03	0.222801
2725.38	0.209085
2726.72	0.122361
2728.06	-0.182848
2729.4	-0.2844
2730.74	0.0796094
2732.08	0.0652618
2733.42	-0.312684
2734.76	0.00775051
2736.1	-0.0353408
2737.44	0.198001
2738.78	0.111366
2740.12	-0.106286
2741.46	-0.193313
2742.8	0.0391226
2744.14	-0.382957
2745.48	0.400663
2746.82	0.0943007
2748.16	0.0348525
2749.49	0.17862
2750.83	-0.0256567
2752.17	-0.113623
2753.51	-0.1434
2754.84	-0.129575
2756.18	0.0871067
2757.52	-0.145082
2758.85	0.0283508
2760.19	-0.145386
2761.53	-0.0148611
2762.86	0.0725341
2764.2	0.160128
2765.53	-0.0850635
2766.87	-0.0990262
2768.2	-0.0267644
2769.54	0.0880332
2770.87	-0.275063
2772.2	0.24237
2773.54	0.109058
2774.87	0.119807
2776.2	-0.11432
2777.54	0.155885
2778.87	-0.0916576
2780.2	0.0207472
2781.53	-0.0103912
2782.87	0.0877337
2784.2	0.0136113
2785.53	0.0399089
2786.86	0.209538
2788.19	-0.0358033
2789.52	0.177456
2790.85	-0.23816
2792.18	0.247752
2793.51	0.119046
2794.84	0.219098
2796.17	-0.00973606
2797.5	-0.167352
2798.83	0.174542
2800.16	-0.0407019
2801.49	0.0151277
2802.82	-0.100301
2804.15	-0.101764
2805.47	-0.0750036
2806.8	0.0652199
2808.13	0.418198
2809.46	0.0740209
2810.78	-0.0849781
2812.11	0.0404658
2813.44	-0.0888
2814.76	0.137401
2816.09	-0.0891814
2817.42	0.1102
2818.74	-0.0727458
2820.07	0.0986552
2821.39	-0.0987239
2822.72	0.213685
2824.04	0.185566
2825.37	0.157254
2826.69	0.129
2828.02	0.18605
2829.34	0.101892
2830.66	-0.180132
2831.99	0.146686
2833.31	0.530066
2834.63	-0.0351129
2835.96	0.234498
2837.28	0.0226202
2838.6	0.263239
2839.92	0.44705
2841.24	0.319811
2842.57	0.178774
2843.89	0.546983
2845.21	0.731878
2846.53	0.507337
2847.85	0.805936
2849.17	0.977379
2850.49	0.964894
2851.81	0.909686
2853.13	0.684566
2854.45	0.78427
2855.77	0.88384
2857.09	1.16702
2858.41	0.984063
2859.72	1.23894
2861.04	1.19711
2862.36	0.957447
2863.68	1.38101
2865	0.929372
2866.31	1.26792
2867.63	1.2257
2868.95	1.35298
2870.26	1.55098
2871.58	1.36844
2872.9	1.70722
2874.21	1.94675
2875.53	1.93188
2876.84	1.66287
2878.16	1.7876
2879.47	1.6167
2880.79	1.8257
2882.1	1.86646
2883.42	1.64105
2884.73	1.73934
2886.05	1.75373
2887.36	1.62781
2888.67	1.99276
2889.99	2.11852
2891.3	2.00526
2892.61	1.66745
2893.92	1.77814
2895.24	1.63693
2896.55	1.81829
2897.86	1.69236
2899.17	1.38524
2900.48	1.61027
2901.79	1.73763
2903.11	1.65528
2904.42	2.30036
2905.73	1.91055
2907.04	1.91274
2908.35	2.32111
2909.66	2.31039
2910.97	2.02014
2912.27	2.10767
2913.58	2.04075
2914.89	2.25298
2916.2	2.5201
2917.51	2.64618
2918.82	2.65962
2920.13	2.5471
2921.43	2.93843
2922.74	2.65939
2924.05	2.88451
2925.35	2.7469
2926.66	2.66558
2927.97	2.84988
2929.27	3.38344
2930.58	2.97997
2931.89	3.24722
2933.19	3.12288
2934.5	2.95662
2935.8	3.19574
2937.11	2.83402
2938.41	3.01743
2939.72	3.03332
2941.02	2.97966
2942.32	2.66104
2943.63	2.86022
2944.93	2.87861
2946.24	2.29636
2947.54	2.56748
2948.84	2.51671
2950.14	2.54917
2951.45	1.82436
2952.75	1.93851
2954.05	2.13582
2955.35	1.75893
2956.65	2.0125
2957.95	2.21131
2959.26	1.78179
2960.56	1.73176
2961.86	1.82304
2963.16	2.15337
2964.46	2.11877
2965.76	1.87248
2967.06	1.6671
2968.36	1.91064
2969.66	1.73198
2970.96	1.76412
2972.25	1.57135
2973.55	1.68826
2974.85	1.53774
2976.15	1.58385
2977.45	1.61508
2978.74	1.43404
2980.04	1.56165
2981.34	1.40693
2982.64	1.5614
2983.93	1.35041
2985.23	1.39322
2986.52	1.45099
2987.82	1.4394
2989.12	1.07709
2990.41	0.981876
2991.71	0.816048
2993	0.90254
2994.3	1.08656
2995.59	0.820272
2996.89	1.07318
2998.18	0.666156
2999.48	0.455996
3000.77	0.610846
3002.06	0.70984
3003.36	0.598814
3004.65	0.683996
3005.94	0.488845
3007.23	0.699367
3008.53	0.699261
3009.82	0.404932
3011.11	0.501718
3012.4	0.41657
3013.69	0.540774
3014.99	0.358348
3016.28	0.260159
3017.57	0.162509
3018.86	0.329611
3020.15	0.37137
3021.44	0.468349
3022.73	0.203518
3024.02	0.0911055
3025.31	0.172496
3026.6	-0.175773
3027.89	-0.025013
3029.18	0.264359
3030.46	-0.0537224
3031.75	0.195579
3033.04	0.293411
3034.33	-0.146893
3035.62	0.0611172
3036.9	0.144005
3038.19	0.12921
3039.48	0.00316095
3040.76	0.398683
3042.05	0.133754
3043.34	0.0476656
3044.62	0.0717874
3045.91	0.247202
3047.19	0.205028
3048.48	0.587553
3049.77	0.315988
3051.05	0.277475
3052.34	0.307653
3053.62	0.0921769
3054.9	0.0127196
3056.19	0.273573
3057.47	0.0836511
3058.76	0.329353
3060.04	0.56093
3061.32	0.397812
3062.61	-0.00938416
3063.89	0.345929
3065.17	0.334946
3066.45	0.351983
3067.74	0.383186
3069.02	0.210596
3070.3	0.11933
3071.58	0.20427
3072.86	0.220381
3074.14	0.222046
3075.42	0.236656
3076.7	0.291726
3077.99	-0.0059514
3079.26	0.185664
3080.54	0.120308
3081.82	0.245772
3083.1	0.331271
3084.38	0.118642
3085.66	0.109473
3086.94	0.04566
3088.22	0.266369
3089.5	0.269392
3090.78	-0.0129056
3092.05	-0.118882
3093.33	-0.00777483
3094.61	0.0762753
3095.89	0.0519214
3097.16	-0.0537844
3098.44	-0.0240297
3099.72	0.03265
3100.99	0.02144
3102.27	0.104993
3103.54	0.134442
3104.82	0.00169802
3106.1	0.153579
3107.37	0.265334
3108.65	0.134075
3109.92	0.0439811
3111.2	0.171016
3112.47	-0.189106
3113.74	0.263725
3115.02	0.283012
3116.29	-0.118471
3117.56	0.0488982
3118.84	0.0120873
3120.11	-0.011929
3121.38	0.0583086
3122.66	0.033175
3123.93	0.0484943
3125.2	-0.234048
3126.47	-0.110157
3127.74	0.162702
3129.01	0.205682
3130.29	0.0729938
3131.56	0.156614
3132.83	0.185932
3134.1	0.133839
3135.37	0.229851
3136.64	0.433197
3137.91	-0.0652084
3139.18	-0.145616
3140.45	0.164211
3141.72	-0.0779023
3142.99	0.11041
3144.26	-0.157844
3145.52	-0.224201
3146.79	0.00473785
3148.06	-0.0342665
3149.33	0.301905
