200.419	0.175051
202.234	0.199299
204.048	0.225821
205.862	-0.402739
207.678	0.841684
209.491	-0.0543995
211.304	1.01573
213.116	0.625814
214.928	0.889244
216.742	0.181658
218.554	0.879807
220.365	0.972919
222.176	1.21267
223.986	0.124033
225.798	0.100733
227.608	0.488178
229.417	1.35751
231.226	0.438976
233.035	-0.310455
234.843	0.846235
236.653	0.485643
238.46	0.321665
240.268	1.12629
242.074	0.850391
243.881	0.649147
245.687	0.278715
247.493	0.557137
249.298	0.710148
251.103	1.00232
252.908	1.0237
254.715	0.872885
256.519	0.721325
258.322	0.691813
260.126	0.978483
261.929	0.859062
263.731	0.742737
265.534	0.989801
267.336	0.27363
269.137	1.07526
270.938	1.1283
272.739	0.745209
274.54	0.986378
276.34	0.983414
278.14	1.14571
279.939	0.605614
281.739	1.16957
283.537	1.27218
285.336	0.699139
287.134	1.22978
288.932	0.728273
290.729	0.157194
292.526	0.451101
294.323	0.508224
296.117	-0.149265
297.913	0.773155
299.709	0.740252
301.504	0.683199
303.299	1.05444
305.093	0.945784
306.888	0.334589
308.682	0.462597
310.475	0.853529
312.268	1.03199
314.059	0.475286
315.852	0.493637
317.644	0.229563
319.436	0.539967
321.227	0.733677
323.018	1.57299
324.807	1.38814
326.597	1.06013
328.387	0.22961
330.177	0.687859
331.967	0.713964
333.753	0.808731
335.542	0.325321
337.331	0.96236
339.119	0.231649
340.906	0.765976
342.691	0.652918
344.478	0.468166
346.265	0.690542
348.051	0.699211
349.835	-0.150532
351.621	1.12445
353.406	0.632105
355.189	-0.0526962
356.973	0.88205
358.757	-0.545811
360.541	0.145514
362.323	0.620016
364.106	0.949724
365.889	1.20627
367.669	0.0367622
369.451	0.504042
371.233	0.258171
373.012	0.555735
374.793	-0.447872
376.574	0.274139
378.353	-0.207048
380.133	-0.120222
381.91	0.133371
383.69	0.106724
385.469	-0.129013
387.245	0.248714
389.024	-0.24085
390.8	0.469486
392.577	0.476725
394.353	-0.101913
396.129	-0.139641
397.906	0.316114
399.68	0.372379
401.456	0.451426
403.23	0.48238
405.005	0.324129
406.778	0.281988
408.552	0.778793
410.325	0.382841
412.099	-0.458733
413.87	-0.360624
415.643	-0.120422
417.414	0.707922
419.187	0.786772
420.957	0.86624
422.728	0.569796
424.498	-0.0566006
426.269	0.348307
428.038	0.258713
429.806	0.449953
431.576	-0.062952
433.344	-0.246586
435.114	0.697027
436.881	0.443752
438.649	0.259706
440.416	0.00271416
442.182	-0.515776
443.949	0.111086
445.715	0.26519
447.48	0.955114
449.247	-0.648726
451.011	-0.14679
452.777	-0.368729
454.541	-0.263252
456.304	0.471392
458.069	-0.425545
459.832	0.00551224
461.594	0.855797
463.358	0.150862
465.119	0.124865
466.881	0.987274
468.642	0.76297
470.404	0.146978
472.165	-0.398582
473.925	0.707064
475.684	0.0403328
477.445	0.184587
479.204	0.977657
480.963	0.906889
482.721	-0.0252876
484.481	0.349087
486.239	0.0516758
487.996	-0.311771
489.753	-0.135326
491.511	1.07056
493.268	-0.196674
495.023	-0.226274
496.779	-0.0219135
498.534	0.721275
500.289	0.0345364
502.046	-0.490187
503.8	0.509439
505.554	0.615257
507.307	0.412958
509.06	0.960423
510.813	0.493393
512.566	0.752745
514.32	-0.21427
516.072	0.41621
517.823	0.0564079
519.574	0.776398
521.325	1.40035
523.076	0.355417
524.826	-0.242807
526.576	0.778294
528.325	0.297853
530.074	0.309921
531.823	0.532097
533.572	1.01005
535.32	-0.0352039
537.068	0.367601
538.815	0.230091
540.562	0.51045
542.309	0.415979
544.056	0.344305
545.802	0.203081
547.547	1.40871
549.293	1.24434
551.038	1.31244
552.783	1.47335
554.527	0.502161
556.271	0.618488
558.015	1.75006
559.759	0.78401
561.502	0.718609
563.245	1.02255
564.987	0.86758
566.729	1.03574
568.471	0.172256
570.213	0.41321
571.954	0.38138
573.693	0.673946
575.433	-0.0852528
577.173	0.122282
578.913	1.2508
580.652	0.0622978
582.392	1.07891
584.13	-0.755163
585.867	0.558247
587.605	-0.338263
589.343	0.212151
591.08	1.10605
592.817	0.227371
594.552	0.130722
596.289	0.356302
598.025	0.0527401
599.761	0.346762
601.496	1.16832
603.229	-0.312616
604.964	1.00941
606.699	-0.383646
608.433	0.657557
610.165	-0.161699
611.898	0.832979
613.631	0.957022
615.364	0.853193
617.095	0.062582
618.827	0.645796
620.559	-0.146929
622.288	0.408688
624.02	-0.775434
625.75	-0.564432
627.479	0.561447
629.209	-0.386736
630.939	0.928936
632.667	0.765362
634.396	0.718081
636.125	-0.74498
637.851	1.09872
639.58	1.49897
641.305	1.04908
643.033	0.0708084
644.76	0.79948
646.485	1.07244
648.212	0.371138
649.936	1.42621
651.662	1.62512
653.388	0.945564
655.111	1.54574
656.836	0.53504
658.558	0.162468
660.283	1.1347
662.005	1.53485
663.728	1.13126
665.45	0.653921
667.173	0.241207
668.893	0.787455
670.616	1.24365
672.336	0.513935
674.057	1.68886
675.777	0.715433
677.498	0.729279
679.216	1.08805
680.937	1.39974
682.655	0.650196
684.375	0.724342
686.092	0.955927
687.809	0.97731
689.528	0.443779
691.244	0.323456
692.962	1.39978
694.678	0.56288
696.393	0.668547
698.111	0.864004
699.825	0.504715
701.54	0.649578
703.256	0.355783
704.97	0.612324
706.685	1.02814
708.398	0.77755
710.111	1.25988
711.826	0.916523
713.538	1.00781
715.25	1.00717
716.961	2.05672
718.675	0.367176
720.386	0.435947
722.096	0.163347
723.808	0.0960903
725.518	1.23366
727.228	0.960516
728.937	1.14095
730.648	1.43354
732.357	1.00014
734.065	0.612488
735.773	0.790787
737.483	0.69842
739.19	0.404472
740.897	1.26244
742.604	0.747316
744.31	0.798195
746.018	1.00916
747.724	1.13263
749.429	0.133917
751.134	1.61184
752.839	1.20285
754.544	1.69626
756.248	1.27005
757.953	1.13912
759.657	2.27242
761.36	1.31272
763.063	1.61617
764.765	1.98738
766.468	1.43064
768.169	1.93237
769.871	1.63897
771.572	1.9522
773.273	2.24011
774.976	1.73564
776.676	2.09138
778.376	1.25115
780.075	1.27289
781.775	2.56366
783.474	1.72831
785.172	2.45242
786.871	2.67429
788.569	1.64535
790.266	2.03617
791.964	1.6981
793.661	2.2156
795.358	2.00966
797.054	1.46768
798.75	2.41597
800.446	2.91632
802.141	2.24907
803.834	1.56127
805.529	2.85202
807.224	1.91561
808.918	2.14577
810.612	2.37343
812.305	2.91291
813.998	2.97989
815.691	2.55375
817.384	2.66507
819.076	2.30699
820.766	2.10617
822.458	2.44186
824.149	2.10962
825.84	2.00327
827.531	2.03458
829.221	1.84825
830.909	1.89022
832.599	2.16026
834.288	1.92185
835.977	3.29103
837.666	2.3405
839.353	2.21296
841.041	2.26105
842.729	2.2396
844.416	1.949
846.103	2.53115
847.788	2.84863
849.475	2.38804
851.161	2.26739
852.845	2.95707
854.53	3.33595
856.216	1.82856
857.901	2.24969
859.583	3.36596
861.268	3.21935
862.952	3.15942
864.633	4.04339
866.317	2.64915
868	3.14698
869.681	2.71941
871.363	2.7873
873.045	2.40359
874.725	1.86165
876.406	2.3802
878.088	1.81557
879.767	2.13093
881.447	2.15219
883.125	2.28498
884.805	1.89648
886.483	1.37007
888.162	2.23987
889.841	1.16654
891.518	1.33121
893.196	1.42563
894.872	2.14776
896.55	0.888275
898.225	2.05481
899.902	1.62436
901.577	2.15683
903.254	2.68687
904.928	1.13677
906.604	1.42123
908.277	2.50875
909.952	1.5689
911.625	1.3224
913.3	1.25545
914.972	1.98867
916.646	1.30086
918.318	2.07695
919.991	-0.0266628
921.662	1.67949
923.333	1.43966
925.005	2.21927
926.675	1.743
928.347	2.06488
930.017	2.10209
931.686	1.47872
933.357	1.84875
935.025	1.35878
936.693	1.42105
938.363	0.867342
940.031	1.35241
941.698	1.88395
943.367	1.35796
945.034	1.25084
946.7	0.810526
948.368	1.38227
950.034	0.7586
951.699	1.67733
953.367	0.566427
955.031	1.26693
956.696	-0.0123501
958.36	1.33851
960.026	0.907955
961.689	0.545958
963.353	0.603281
965.016	1.16642
966.68	0.618973
968.343	0.110514
970.005	0.262039
971.666	1.03121
973.328	0.761433
974.991	-0.522982
976.652	0.805298
978.312	0.61038
979.972	0.892345
981.632	1.1738
983.292	-0.152061
984.953	1.08647
986.612	1.92248
988.27	0.652735
989.929	0.487442
991.587	1.07251
993.244	0.309227
994.902	0.452013
996.559	0.66102
998.216	0.362604
999.872	0.725197
1001.53	1.35087
1003.19	0.786539
1004.84	-0.063509
1006.5	0.0763035
1008.15	0.216099
1009.81	0.0051403
1011.46	0.891706
1013.11	0.0465717
1014.77	0.977325
1016.42	0.00317955
1018.07	1.26275
1019.73	0.576096
1021.38	0.613323
1023.03	-0.396666
1024.68	0.0815201
1026.34	0.648026
1027.99	0.755615
1029.64	0.66543
1031.29	0.0489368
1032.94	0.849037
1034.59	0.903465
1036.24	1.06426
1037.89	0.351833
1039.53	0.881069
1041.18	1.58465
1042.83	1.3115
1044.48	1.65026
1046.13	1.38427
1047.77	0.513857
1049.42	0.536949
1051.07	0.670929
1052.71	0.98024
1054.36	1.11654
1056	0.774725
1057.65	1.06267
1059.3	0.501854
1060.94	0.831238
1062.59	0.202452
1064.23	0.811403
1065.87	0.00520515
1067.52	0.544905
1069.16	-0.11245
1070.8	0.879978
1072.44	0.48201
1074.09	0.258781
1075.73	0.167658
1077.37	0.23073
1079.01	-0.15938
1080.65	0.579498
1082.29	0.949728
1083.93	0.494406
1085.57	0.838367
1087.21	0.420002
1088.85	0.43137
1090.49	0.48279
1092.13	0.294146
1093.77	0.623165
1095.41	0.930252
1097.04	0.613136
1098.68	1.20365
1100.32	1.04317
1101.95	1.38133
1103.59	0.109165
1105.23	-0.149178
1106.86	0.195795
1108.5	0.540186
1110.13	0.301994
1111.77	0.576925
1113.4	0.268644
1115.04	0.0872211
1116.67	0.977554
1118.31	0.580524
1119.94	0.785099
1121.57	1.39808
1123.2	0.15041
1124.84	0.445963
1126.47	0.443451
1128.1	0.228493
1129.73	0.720469
1131.36	0.443716
1132.99	0.0392895
1134.62	0.211845
1136.25	0.276369
1137.88	0.338984
1139.51	0.292568
1141.14	0.756725
1142.77	0.131151
1144.4	0.551479
1146.03	1.44163
1147.66	0.223087
1149.28	0.178661
1150.91	0.241646
1152.54	-0.0148067
1154.16	-0.676243
1155.79	0.343321
1157.42	0.0216007
1159.04	-0.171703
1160.67	-0.0657368
1162.29	0.828857
1163.92	0.810932
1165.54	0.432514
1167.17	0.457632
1168.79	0.0556335
1170.41	0.0333519
1172.04	0.305021
1173.66	0.360834
1175.28	0.329397
1176.9	0.191011
1178.53	0.497959
1180.15	0.234186
1181.77	-0.0276413
1183.39	-0.393663
1185.01	0.424091
1186.63	-0.91466
1188.25	0.0455704
1189.87	0.536814
1191.49	-0.0712891
1193.11	0.454739
1194.73	0.0749607
1196.35	0.262293
1197.96	0.241371
1199.58	0.537312
1201.2	0.210073
1202.82	0.577188
1204.43	0.865164
1206.05	0.280615
1207.66	0.616648
1209.28	0.681978
1210.9	0.516441
1212.51	0.452162
1214.13	0.529779
1215.74	0.603182
1217.36	0.589905
1218.97	-0.505878
1220.58	0.53853
1222.2	0.234003
1223.81	1.07186
1225.42	0.00629044
1227.04	-0.22747
1228.65	0.0585251
1230.26	0.346516
1231.87	1.09123
1233.48	0.349783
1235.1	0.458029
1236.71	1.18852
1238.32	0.246571
1239.93	0.711546
1241.53	0.163599
1243.14	-0.26104
1244.75	0.781958
1246.36	0.809389
1247.97	0.40044
1249.58	1.14882
1251.19	1.19305
1252.8	0.927349
1254.4	0.807753
1256.01	1.10376
1257.62	0.202198
1259.22	0.854256
1260.83	-0.00277328
1262.43	0.465708
1264.04	1.5975
1265.64	1.00937
1267.25	1.58036
1268.85	1.21691
1270.46	1.45274
1272.06	0.38039
1273.66	1.13073
1275.27	1.38157
1276.87	0.967445
1278.48	0.966381
1280.08	1.25407
1281.68	1.20976
1283.28	1.35186
1284.88	0.936453
1286.48	1.70128
1288.08	1.12418
1289.68	0.693605
1291.28	0.55335
1292.88	0.805557
1294.48	1.69681
1296.08	1.88312
1297.68	0.456121
1299.28	1.42087
1300.88	1.08274
1302.48	1.27844
1304.07	1.22509
1305.67	1.1705
1307.27	1.5053
1308.87	1.49004
1310.46	1.39282
1312.06	1.74687
1313.65	1.16077
1315.25	1.86488
1316.85	1.3241
1318.44	1.96854
1320.03	1.8575
1321.63	1.23576
1323.22	1.75196
1324.82	1.30849
1326.41	1.77706
1328	2.18247
1329.6	1.33246
1331.19	1.13451
1332.78	1.56731
1334.37	1.72085
1335.96	0.969179
1337.56	1.69169
1339.15	1.44472
1340.74	1.25552
1342.33	1.04266
1343.92	1.38949
1345.51	1.23153
1347.1	0.833416
1348.69	1.62097
1350.28	1.05062
1351.86	0.905745
1353.45	0.98465
1355.04	1.18582
1356.63	0.947979
1358.21	1.6684
1359.8	0.968809
1361.39	1.48538
1362.97	0.902718
1364.56	1.53613
1366.15	1.53166
1367.73	0.572756
1369.32	0.811216
1370.9	0.872936
1372.49	0.81773
1374.07	0.804352
1375.65	0.314646
1377.24	1.45683
1378.82	1.34452
1380.41	0.852335
1381.99	0.855289
1383.57	0.756462
1385.15	1.70937
1386.73	1.46847
1388.32	0.870615
1389.9	0.592052
1391.48	0.593088
1393.06	0.357494
1394.64	1.37222
1396.22	0.938669
1397.8	1.15825
1399.38	0.840845
1400.96	0.838873
1402.54	1.11294
1404.11	1.03051
1405.69	0.889759
1407.27	1.40294
1408.85	1.5419
1410.43	0.970671
1412	1.46605
1413.58	1.40732
1415.16	0.912888
1416.73	1.40342
1418.31	1.95178
1419.88	2.26374
1421.46	1.51412
1423.03	2.06715
1424.61	1.48152
1426.18	1.72498
1427.76	1.28061
1429.33	2.70565
1430.9	1.80644
1432.48	2.20406
1434.05	2.34389
1435.62	2.16809
1437.2	2.87748
1438.77	1.58296
1440.34	2.05957
1441.91	1.96799
1443.48	1.68119
1445.05	2.24024
1446.62	1.89554
1448.19	1.64936
1449.76	2.249
1451.33	1.8862
1452.9	2.17325
1454.47	2.04806
1456.04	2.65078
1457.61	2.58347
1459.17	2.35632
1460.74	2.57856
1462.31	2.58074
1463.88	2.42245
1465.44	1.92805
1467.01	1.47278
1468.58	2.13772
1470.14	1.48882
1471.71	1.86262
1473.27	1.37524
1474.84	1.59544
1476.4	1.67912
1477.97	1.99826
1479.53	1.53312
1481.1	1.47951
1482.66	1.68052
1484.22	2.13594
1485.78	2.41424
1487.35	1.43752
1488.91	2.39719
1490.47	1.23921
1492.03	1.5451
1493.59	1.69012
1495.16	1.79238
1496.72	0.859577
1498.28	1.3298
1499.84	1.31392
1501.4	1.30006
1502.96	0.454531
1504.52	1.08479
1506.08	0.785244
1507.64	0.717236
1509.19	0.744131
1510.75	0.498711
1512.31	0.88829
1513.87	0.564011
1515.42	0.663748
1516.98	0.687504
1518.54	0.252386
1520.1	0.50893
1521.65	-6.86646e-005
1523.21	0.925028
1524.76	0.643864
1526.32	0.342489
1527.87	0.440147
1529.43	0.783686
1530.98	0.708487
1532.54	0.274122
1534.09	0.296951
1535.64	-0.151291
1537.2	0.593458
1538.75	0.41305
1540.3	-0.256573
1541.85	0.337458
1543.41	0.215029
1544.96	0.374517
1546.51	0.645996
1548.06	0.897875
1549.61	0.84927
1551.16	0.389139
1552.71	0.4359
1554.26	0.484219
1555.81	-0.0627747
1557.36	0.980566
1558.91	2.2317
1560.46	2.53438
1562.01	0.918707
1563.56	1.00272
1565.1	0.397438
1566.65	0.725266
1568.2	0.903496
1569.75	0.85709
1571.29	1.44467
1572.84	0.407738
1574.38	0.378553
1575.93	1.11479
1577.48	1.17937
1579.02	1.50606
1580.57	1.08706
1582.11	0.687983
1583.65	0.140718
1585.2	0.528776
1586.74	1.64717
1588.29	0.952478
1589.83	1.15502
1591.37	1.56286
1592.92	0.977711
1594.46	0.953592
1596	0.742163
1597.54	0.962372
1599.08	0.827652
1600.62	2.11971
1602.16	1.59339
1603.7	1.57352
1605.24	0.857365
1606.78	1.43503
1608.32	2.04711
1609.86	1.30182
1611.4	1.32304
1612.94	0.195166
1614.48	0.961901
1616.02	0.714064
1617.56	0.823439
1619.09	1.02837
1620.63	0.973551
1622.17	0.921181
1623.71	0.720545
1625.24	1.08162
1626.78	1.01085
1628.31	1.1998
1629.85	1.42356
1631.39	0.467766
1632.92	0.408928
1634.46	0.966658
1635.99	1.39457
1637.52	0.518242
1639.06	1.04193
1640.59	1.19263
1642.12	0.876432
1643.66	1.35933
1645.19	1.13243
1646.72	1.33193
1648.25	1.23326
1649.79	0.856846
1651.32	1.3362
1652.85	0.685812
1654.38	0.946407
1655.91	1.13382
1657.44	1.2284
1658.97	1.61794
1660.5	1.22736
1662.03	1.37121
1663.56	1.16161
1665.09	0.988251
1666.62	0.889578
1668.15	1.54904
1669.67	1.45459
1671.2	0.625877
1672.73	1.25479
1674.26	0.282108
1675.79	0.635124
1677.31	0.9314
1678.84	0.765688
1680.36	1.20507
1681.89	0.374752
1683.42	0.114149
1684.94	0.331108
1686.47	0.750103
1687.99	0.0696735
1689.51	0.947773
1691.04	0.580359
1692.56	0.268366
1694.08	0.432165
1695.61	0.339571
1697.13	0.0456581
1698.65	0.31761
1700.18	0.387756
1701.7	-0.126692
1703.22	0.251629
1704.74	0.209585
1706.26	0.6399
1707.78	0.941719
1709.3	0.298363
1710.82	0.545509
1712.35	0.466156
1713.86	0.0792389
1715.39	0.507708
1716.9	0.790676
1718.42	-0.336737
1719.94	0.614248
1721.46	0.264879
1722.98	0.00717163
1724.5	-0.428623
1726.01	0.524857
1727.53	0.273792
1729.05	0.582499
1730.56	0.586126
1732.08	1.15616
1733.6	-0.269045
1735.11	0.033329
1736.63	0.00225067
1738.14	0.123188
1739.66	0.12084
1741.17	0.231745
1742.69	0.416912
1744.2	0.527678
1745.71	0.699896
1747.23	0.0422153
1748.74	0.403156
1750.25	0.314949
1751.77	0.430407
1753.28	0.198709
1754.79	-0.0756111
1756.3	-0.120573
1757.81	0.622705
1759.33	-0.0380878
1760.84	-0.164297
1762.35	0.441557
1763.86	0.17486
1765.37	0.015707
1766.88	-0.199686
1768.39	0.354984
1769.9	0.595022
1771.41	0.256752
1772.91	0.365446
1774.42	0.140999
1775.93	0.387846
1777.44	0.315376
1778.95	-0.0365105
1780.45	0.151104
1781.96	0.151175
1783.47	0.0219097
1784.97	-0.00653076
1786.48	0.176979
1787.99	-0.185465
1789.49	0.100683
1791	0.637257
1792.5	0.32501
1794.01	0.238501
1795.51	0.276258
1797.01	0.212042
1798.52	-0.310602
1800.02	0.0830116
1801.52	0.357803
1803.03	0.32827
1804.53	0.699408
1806.03	0.391712
1807.54	-0.174202
1809.04	-0.0413742
1810.54	0.320799
1812.04	0.263708
1813.54	0.0432625
1815.04	0.406322
1816.54	0.277023
1818.04	0.175642
1819.54	0.0847912
1821.04	0.048727
1822.54	0.19343
1824.04	0.00138092
1825.54	-0.147293
1827.04	-0.351086
1828.54	0.14563
1830.03	-0.0805149
1831.53	0.385574
1833.03	0.186653
1834.53	0.136997
1836.02	0.525625
1837.52	-0.198517
1839.02	0.287769
1840.51	0.30131
1842.01	0.0577164
1843.5	0.573208
1845	0.152153
1846.49	0.569538
1847.99	0.411768
1849.48	0.355616
1850.98	0.530703
1852.47	0.283686
1853.96	0.410934
1855.46	0.23472
1856.95	0.282137
1858.44	0.3438
1859.94	0.486088
1861.43	0.269037
1862.92	0.250017
1864.41	0.280005
1865.9	-0.153749
1867.39	0.765297
1868.88	0.70303
1870.37	0.179903
1871.86	-0.0500603
1873.35	0.251566
1874.84	-0.249979
1876.33	-0.0289135
1877.82	-0.129431
1879.31	0.113285
1880.8	0.228909
1882.29	0.548937
1882.58	0.625301
1884.08	0.051712
1885.57	0.296146
1887.06	-0.0533371
1888.56	-0.211803
1890.05	0.13483
1891.54	0.326422
1893.04	0.190445
1894.53	0.231594
1896.02	0.275461
1897.51	0.129471
1899	0.644197
1900.5	-0.28675
1901.99	0.536444
1903.48	0.277954
1904.97	0.590757
1906.46	-0.140541
1907.95	0.36183
1909.44	0.882193
1910.93	0.154606
1912.42	-0.102606
1913.91	-0.0465584
1915.4	0.356413
1916.88	0.481239
1918.37	0.483727
1919.86	0.208216
1921.35	0.81611
1922.84	-1.1383
1924.32	0.302904
1925.81	0.222369
1927.3	0.24758
1928.78	-0.0204411
1930.27	0.0577021
1931.75	-0.0560675
1933.24	-0.0511446
1934.72	0.314219
1936.21	-0.205983
1937.69	0.51727
1939.18	-0.091588
1940.66	-0.181081
1942.15	-0.182689
1943.63	0.524757
1945.11	-0.353254
1946.6	0.217964
1948.08	0.116295
1949.56	-0.0899611
1951.04	0.184345
1952.53	0.284679
1954.01	0.280743
1955.49	0.122062
1956.97	0.067337
1958.45	-0.0890865
1959.93	0.098999
1961.41	0.613642
1962.89	-0.123006
1964.37	-0.259731
1965.85	-0.191706
1967.33	-0.261835
1968.81	-0.144832
1970.29	0.107763
1971.77	-0.101599
1973.24	-0.0547247
1974.72	0.111657
1976.2	-0.659265
1977.68	0.155137
1979.15	0.202692
1980.63	0.148079
1982.11	-0.161723
1983.58	-0.386666
1985.06	-0.000824928
1986.53	0.587534
1988.01	0.412376
1989.48	-0.354603
1990.96	-0.510137
1992.43	0.350871
1993.91	-0.105828
1995.38	0.334884
1996.86	-0.136217
1998.33	0.169759
1999.8	-0.419981
2001.27	0.305945
2002.75	-0.150275
2004.22	-0.218522
2005.69	-0.0165052
2007.16	0.237164
2008.64	0.18922
2010.11	0.0754519
2011.58	0.433936
2013.05	-0.0154982
2014.52	0.207587
2015.99	0.00862885
2017.46	-0.090848
2018.93	0.0100956
2020.4	0.110031
2021.87	0.293612
2023.34	0.00763416
2024.8	0.0420704
2026.27	0.0114269
2027.74	-0.0838366
2029.21	0.0414715
2030.68	0.437499
2032.14	0.231242
2033.61	-0.108644
2035.08	0.0213766
2036.54	-0.0339737
2038.01	0.565085
2039.48	-0.231248
2040.94	0.0983143
2042.41	-0.227083
2043.87	-0.0131521
2045.34	-0.184574
2046.8	0.284874
2048.27	0.300477
2049.73	-0.240714
2051.19	0.00836468
2052.66	0.38987
2054.12	0.565961
2055.58	0.334311
2057.05	0.623016
2058.51	0.370958
2059.97	0.20309
2061.43	0.389662
2062.9	-0.247268
2064.36	-0.15858
2065.82	-0.253381
2067.28	-0.161674
2068.74	-0.0858374
2070.2	0.310351
2071.66	0.302691
2073.12	0.0590448
2074.58	0.522136
2076.04	0.159557
2077.5	0.26787
2078.95	0.15658
2080.41	-0.140699
2081.87	0.386139
2083.33	0.238353
2084.79	-0.0620508
2086.24	-0.0102158
2087.7	-0.211641
2089.16	0.342697
2090.61	0.173879
2092.07	-0.129194
2093.53	0.322959
2094.98	0.13692
2096.44	0.218421
2097.89	0.0977325
2099.35	0.0264072
2100.8	-0.0452948
2102.26	-0.367128
2103.71	0.348139
2105.16	0.163484
2106.62	0.465086
2108.07	0.434651
2109.53	0.388078
2110.98	0.490604
2112.43	0.440857
2113.88	-0.410968
2115.33	0.466336
2116.79	0.542774
2118.24	0.503404
2119.69	0.781729
2121.14	0.283304
2122.59	0.335731
2124.04	0.639226
2125.49	0.313604
2126.94	-0.0455961
2128.39	0.124113
2129.84	0.722309
2131.29	0.40694
2132.74	0.438233
2134.19	0.452947
2135.63	0.683917
2137.08	0.256019
2138.53	0.641096
2139.98	0.483854
2141.43	0.329206
2142.87	0.292097
2144.32	0.570291
2145.77	0.319283
2147.21	1.07755
2148.66	0.477133
2150.1	0.371967
2151.55	0.811936
2152.99	0.753263
2154.44	0.70983
2155.88	0.46687
2157.33	0.654798
2158.77	0.562287
2160.21	0.587864
2161.66	0.599703
2163.1	0.150249
2164.55	0.565335
2165.99	0.500798
2167.43	0.884554
2168.87	0.219666
2170.31	0.865239
2171.76	0.526294
2173.2	0.250743
2174.64	0.339044
2176.08	1.42425
2177.52	0.514178
2178.96	0.403588
2180.4	0.577169
2181.84	1.21771
2183.28	0.246264
2184.72	1.12115
2186.16	0.5824
2187.6	0.509373
2189.04	1.13536
2190.47	0.313356
2191.91	0.689318
2193.35	0.814404
2194.79	0.40454
2196.23	0.890754
2197.66	1.00737
2199.1	0.489242
2200.54	0.867388
2201.97	0.580705
2203.41	0.643916
2204.84	0.194806
2206.28	0.460406
2207.71	0.478079
2209.15	0.41261
2210.58	-0.117478
2212.02	0.740869
2213.45	0.241535
2214.89	0.700707
2216.32	0.648582
2217.75	0.136442
2219.19	0.649134
2220.62	0.173684
2222.05	0.489752
2223.48	0.705578
2224.92	0.885984
2226.35	0.306431
2227.78	0.547157
2229.21	0.32551
2230.64	0.51325
2232.07	0.962394
2233.5	-0.0456791
2234.93	0.470197
2236.36	0.10485
2237.79	-0.469626
2239.22	0.346355
2240.65	0.0557022
2242.08	0.192028
2243.51	0.428122
2244.94	0.0123081
2246.37	0.47618
2247.79	0.513352
2249.22	0.954513
2250.65	0.251164
2252.08	0.343653
2253.5	0.353369
2254.93	0.152409
2256.36	-0.094594
2257.78	0.116747
2259.21	0.640692
2260.63	0.309422
2262.06	0.566195
2263.48	0.241033
2264.91	0.354671
2266.33	0.825565
2267.76	0.221874
2269.18	0.413631
2270.6	0.37633
2272.03	0.321931
2273.45	0.120642
2274.87	0.131167
2276.3	0.386419
2277.72	-0.00984287
2279.14	-0.194312
2280.56	0.0286865
2281.98	-0.0909424
2283.41	0.213409
2284.83	0.110016
2286.25	0.317036
2287.67	-0.356964
2289.09	0.602644
2290.51	0.909996
2291.93	-0.253221
2293.35	-0.0925598
2294.77	-0.0954084
2296.19	-0.180267
2297.61	0.291484
2299.02	0.0756321
2300.44	0.138508
2301.86	-0.0604868
2303.28	-0.144406
2304.7	0.0344515
2306.11	-0.164393
2307.53	0.342558
2308.95	0.339476
2310.36	-0.207209
2311.78	0.199178
2313.2	0.391861
2314.61	-0.155355
2316.03	0.434347
2317.44	-0.0780239
2318.86	0.0691099
2320.27	-0.0314474
2321.69	0.0146589
2323.1	0.470407
2324.51	0.54288
2325.93	0.248732
2327.34	0.578794
2328.76	0.462354
2330.17	0.461689
2331.58	-0.0972776
2332.99	0.0700645
2334.41	0.501887
2335.82	0.1607
2337.23	0.674112
2338.64	-0.178931
2340.05	0.21579
2341.46	-0.113959
2342.87	-0.230721
2344.28	0.341407
2345.69	0.274071
2347.1	0.0434837
2348.51	-0.268642
2349.92	0.465924
2351.33	-0.0440941
2352.74	0.376067
2354.15	0.173942
2355.56	0.11784
2356.97	0.110192
2358.37	-0.661889
2359.78	0.225017
2361.19	0.120203
2362.6	0.210128
2364	0.25109
2365.41	-0.25816
2366.82	0.300569
2368.22	-0.109537
2369.63	0.256989
2371.03	-0.084199
2372.44	0.495374
2373.84	0.31912
2375.25	-0.178329
2376.65	0.0641155
2378.06	0.0312376
2379.46	0.0763073
2380.86	-0.282602
2382.27	0.271015
2383.67	0.0212202
2385.07	0.267544
2386.48	0.386119
2387.88	0.505896
2389.28	0.101212
2390.69	0.288636
2392.09	0.0637207
2393.49	0.222498
2394.89	0.271085
2396.29	-0.0449133
2397.69	-0.232584
2399.09	0.216282
2400.49	-0.0491467
2401.89	0.0195341
2403.29	0.659962
2404.69	0.188078
2406.09	0.349966
2407.49	-0.0609446
2408.89	0.367845
2410.29	-0.0444012
2411.69	-0.107316
2413.08	0.0369663
2414.48	0.0723085
2415.88	0.189075
2417.28	0.102075
2418.67	0.301468
2420.07	0.0421667
2421.47	0.368662
2422.86	0.013442
2424.26	-0.0729427
2425.65	0.0467768
2427.05	-0.102109
2428.45	0.0514946
2429.84	0.254225
2431.23	0.0456343
2432.63	0.249805
2434.02	0.342112
2435.42	0.0514059
2436.81	0.0442801
2438.2	0.0347919
2439.6	0.341019
2440.99	-0.195955
2442.38	-0.161918
2443.78	0.0938139
2445.17	-0.0157423
2446.56	-0.410824
2447.95	0.382764
2449.34	0.446982
2450.73	0.226514
2452.13	0.165339
2453.52	0.0737638
2454.91	0.0310059
2456.3	-0.595986
2457.69	-0.384089
2459.08	-0.188307
2460.47	0.0856113
2461.85	-0.242626
2463.24	0.534495
2464.63	0.141012
2466.02	-0.252602
2467.41	-0.251383
2468.8	-0.25025
2470.19	-0.12327
2471.57	-0.280838
2472.96	0.0805731
2474.35	-0.393974
2475.73	-0.286793
2477.12	0.165442
2478.51	0.224281
2479.89	0.487277
2481.28	0.0602407
2482.66	-0.381919
2484.05	0.146461
2485.43	0.187712
2486.82	0.227118
2488.2	-0.14095
2489.59	-0.166371
2490.97	0.306104
2492.35	0.327451
2493.74	0.0709639
2495.12	0.142816
2496.5	0.200971
2497.89	0.60108
2499.27	-0.12886
2500.65	-0.301511
2502.03	0.498545
2503.42	-0.12482
2504.8	0.531895
2506.18	0.323442
2507.56	0.176655
2508.94	0.245625
2510.32	0.192277
2511.7	0.0479765
2513.08	-0.294123
2514.46	0.422437
2515.84	0.0220003
2517.22	-0.0708199
2518.6	0.0818844
2519.98	0.249954
2521.36	0.356328
2522.73	0.217334
2524.11	-0.243062
2525.49	0.0581694
2526.87	0.297626
2528.25	0.172196
2529.62	0.124679
2531	0.338022
2532.38	0.128378
2533.75	0.194339
2535.13	-0.31596
2536.5	0.677694
2537.88	0.561213
2539.25	0.124317
2540.63	0.536626
2542.01	-0.114282
2543.38	0.206724
2544.75	0.0434732
2546.13	0.185503
2547.5	0.162524
2548.88	0.262175
2550.25	0.103966
2551.62	0.202942
2553	-0.200292
2554.37	-0.210464
2555.74	0.384912
2557.11	0.11463
2558.49	0.511495
2559.86	-0.213205
2561.23	-0.057723
2562.6	0.447214
2563.97	0.437749
2565.34	-0.0105247
2566.71	0.0264797
2568.08	0.0939398
2569.45	0.297814
2570.82	-0.286434
2572.19	-0.067338
2573.56	0.15192
2574.93	-0.235058
2576.3	0.378594
2577.67	0.764771
2579.03	0.043746
2580.4	-0.0561705
2581.77	0.0555916
2583.14	-0.136443
2584.5	0.580808
2585.87	0.191289
2587.24	-0.273742
2588.6	-0.0412703
2589.97	0.100401
2591.34	0.0903225
2592.7	0.215889
2594.07	-0.462667
2595.43	0.099412
2596.8	0.099473
2598.16	-0.35546
2599.53	-0.296356
2600.89	0.0952673
2602.26	-0.0564404
2603.62	0.457184
2604.98	0.00551224
2606.35	0.218145
2607.71	0.671359
2609.07	0.233654
2610.44	-0.386136
2611.8	0.0766306
2613.16	-0.154748
2614.52	0.199014
2615.88	0.341613
2617.25	0.184518
2618.61	0.627691
2619.97	0.0687618
2621.33	-0.0246773
2622.69	-0.0275555
2624.05	-0.179416
2625.41	0.146342
2626.77	0.351984
2628.13	0.22902
2629.49	0.582247
2630.85	0.175863
2632.21	-0.274623
2633.56	0.255888
2634.92	-0.0159426
2636.28	-0.168735
2637.64	0.138057
2639	0.207553
2640.35	0.0404806
2641.71	0.391466
2643.07	-0.188303
2644.42	0.103966
2645.78	-0.0763597
2647.14	-0.0801287
2648.49	0.209661
2649.85	0.129846
2651.2	-0.0537138
2652.56	0.247289
2653.91	-0.244153
2655.27	0.17519
2656.62	-0.327189
2657.98	0.24124
2659.33	-0.169767
2660.68	0.25363
2662.04	-0.419673
2663.39	0.425872
2664.74	0.0576878
2666.1	0.199403
2667.45	-0.0678377
2668.8	0.0147085
2670.15	0.1121
2671.5	0.195604
2672.86	0.105591
2674.21	-0.244769
2675.56	0.581735
2676.91	0.117138
2678.26	0.175997
2679.61	0.337581
2680.96	0.19623
2682.31	0.375647
2683.66	0.324872
2685.01	0.464065
2686.36	-0.165015
2687.71	0.0180092
2689.06	0.126815
2690.4	-0.0716972
2691.75	0.0900593
2693.1	-0.185716
2694.45	0.233422
2695.8	0.434507
2697.14	-0.290714
2698.49	-0.0432863
2699.84	0.249909
2701.18	0.241585
2702.53	-0.0107841
2703.88	-0.3198
2705.22	-0.00497055
2706.57	0.513295
2707.91	0.393142
2709.26	0.156143
2710.6	0.266954
2711.95	0.0869198
2713.29	0.211719
2714.64	0.0894022
2715.98	0.592146
2717.32	-0.0104122
2718.67	0.419256
2720.01	-0.126356
2721.35	0.404147
2722.7	0.570195
2724.04	0.153333
2725.38	-0.147725
2726.72	0.132887
2728.06	-0.154577
2729.4	-0.122178
2730.75	0.0991764
2732.09	0.204047
2733.43	0.425409
2734.77	0.283353
2736.11	0.272522
2737.45	0.290976
2738.79	-0.0250998
2740.13	0.211097
2741.47	0.490169
2742.81	0.157637
2744.15	0.463698
2745.48	0.608849
2746.82	-0.14706
2748.16	0.447318
2749.5	-0.177475
2750.84	0.228251
2752.17	0.0251436
2753.51	-0.105016
2754.85	0.0838947
2756.19	0.287378
2757.52	0.360675
2758.86	-0.361847
2760.19	0.161184
2761.53	0.0914373
2762.86	0.109215
2764.2	0.185315
2765.54	0.261373
2766.87	-0.0249386
2768.2	0.150354
2769.54	-0.196824
2770.87	0.176806
2772.21	-0.0873699
2773.54	-0.136165
2774.88	0.218036
2776.21	0.283521
2777.54	0.363834
2778.87	-0.446723
2780.21	-0.421908
2781.54	-0.425409
2782.87	0.288754
2784.2	-0.131055
2785.53	-0.120377
2786.87	-0.324254
2788.2	0.0454082
2789.53	0.44443
2790.86	-0.0422792
2792.19	0.230231
2793.52	0.288838
2794.85	0.418926
2796.18	0.0769453
2797.51	-0.279902
2798.84	-0.0375948
2800.17	0.560707
2801.49	-0.0259056
2802.82	-0.255782
2804.15	-0.0867844
2805.48	0.138371
2806.81	0.376613
2808.13	0.286492
2809.46	0.210135
2810.79	0.148172
2812.12	0.0162506
2813.44	-0.0429487
2814.77	-0.0433187
2816.09	0.0150442
2817.42	-0.052598
2818.75	0.390817
2820.07	0.394843
2821.4	0.143099
2822.72	0.0038166
2824.05	-0.122113
2825.37	-0.0643139
2826.7	0.262594
2828.02	0.34943
2829.35	0.635258
2830.67	0.114838
2831.99	0.0901937
2833.31	0.433488
2834.64	0.422435
2835.96	0.325768
2837.28	0.751889
2838.61	0.385051
2839.93	1.02219
2841.25	0.754329
2842.57	1.17982
2843.89	1.26693
2845.21	1.7932
2846.53	1.50067
2847.85	1.39238
2849.17	2.06146
2850.49	1.54286
2851.81	1.48997
2853.13	1.9734
2854.45	1.53768
2855.77	1.70936
2857.09	2.00812
2858.41	2.27861
2859.73	2.2242
2861.05	2.01422
2862.36	2.43913
2863.68	2.72219
2865	2.36978
2866.32	2.21503
2867.64	2.41329
2868.95	2.52749
2870.27	2.55765
2871.59	2.60211
2872.9	2.70252
2874.22	3.47815
2875.53	3.25176
2876.85	3.06622
2878.16	3.13303
2879.48	3.36815
2880.79	3.53321
2882.11	3.79766
2883.42	3.55784
2884.74	3.40378
2886.05	3.40505
2887.36	3.18182
2888.68	3.91221
2889.99	3.50486
2891.3	3.33496
2892.62	3.34658
2893.93	4.03038
2895.24	3.73397
2896.55	3.81689
2897.86	3.95722
2899.18	3.7072
2900.49	3.58424
2901.8	3.93754
2903.11	3.98336
2904.42	4.46296
2905.73	4.24358
2907.04	4.06696
2908.35	4.437
2909.66	3.4931
2910.97	4.50883
2912.28	4.72705
2913.59	4.35629
2914.9	4.76757
2916.21	4.60249
2917.51	4.9112
2918.82	4.68677
2920.13	4.33644
2921.44	4.93801
2922.74	4.85599
2924.05	5.41883
2925.36	5.13051
2926.67	5.76558
2927.97	5.43614
2929.28	5.74924
2930.59	5.58625
2931.89	5.60437
2933.2	5.03507
2934.5	5.63988
2935.81	5.86741
2937.11	5.35448
2938.42	4.84186
2939.72	4.90254
2941.02	5.08965
2942.33	4.88664
2943.63	3.88848
2944.94	4.49933
2946.24	4.53867
2947.54	3.59938
2948.85	4.0167
2950.15	3.38274
2951.45	3.6565
2952.75	3.3258
2954.05	3.62346
2955.36	3.29067
2956.66	2.94513
2957.96	3.07802
2959.26	3.48035
2960.56	3.20009
2961.86	2.89397
2963.16	2.99514
2964.46	3.01146
2965.76	2.92765
2967.06	2.37791
2968.36	2.83837
2969.66	2.10287
2970.96	2.19674
2972.26	2.37542
2973.56	2.16056
2974.85	2.18484
2976.15	2.67296
2977.45	2.15978
2978.75	2.19355
2980.05	2.07025
2981.34	2.00165
2982.64	2.38248
2983.94	1.94804
2985.23	2.02128
2986.53	2.25102
2987.83	2.31403
2989.12	2.02702
2990.42	1.90893
2991.71	1.87446
2993.01	1.92289
2994.3	1.37945
2995.6	1.70562
2996.89	1.32858
2998.19	1.20418
2999.48	1.6553
3000.77	0.999084
3002.07	0.778606
3003.36	1.23138
3004.65	1.33378
3005.95	0.98759
3007.24	0.990742
3008.53	0.964735
3009.82	0.811675
3011.12	0.713676
3012.41	0.51751
3013.7	0.530886
3014.99	1.0048
3016.28	-0.0254688
3017.57	0.0881081
3018.86	0.0491343
3020.15	0.330118
3021.44	0.457257
3022.73	0.319158
3024.02	0.512966
3025.31	0.0122147
3026.6	0.10767
3027.89	0.383453
3029.18	0.079608
3030.47	-0.000766754
3031.76	0.500886
3033.04	-0.335564
3034.33	-0.605259
3035.62	0.0625534
3036.91	0.21782
3038.19	0.218889
3039.48	0.217389
3040.77	-0.363457
3042.05	0.181459
3043.34	-0.042697
3044.63	0.131829
3045.91	0.171431
3047.2	0.323162
3048.48	0.0409727
3049.77	-0.115327
3051.05	-0.0921431
3052.34	-0.218021
3053.62	-0.0846853
3054.91	0.661611
3056.19	0.328683
3057.48	-0.128181
3058.76	0.150052
3060.04	0.0463667
3061.33	0.120194
3062.61	-0.00880337
3063.89	0.0272617
3065.17	0.0381289
3066.46	0.241154
3067.74	0.445481
3069.02	0.174382
3070.3	0.297214
3071.59	-0.288371
3072.87	0.0900192
3074.15	-0.376275
3075.43	0.270754
3076.71	-0.237605
3077.99	-0.541306
3079.27	-0.246416
3080.55	0.22657
3081.83	0.0639744
3083.11	0.255703
3084.39	0.204134
3085.67	0.383286
3086.94	-0.0761194
3088.22	0.101386
3089.5	0.0879259
3090.78	0.548732
3092.06	0.15444
3093.34	0.357284
3094.61	-0.0905085
3095.89	-0.0632629
3097.17	0.0724878
3098.44	0.275823
3099.72	-0.212207
3101	0.0719995
3102.27	0.139419
3103.55	-0.0230112
3104.82	0.0047884
3106.1	-0.210076
3107.38	0.144641
3108.65	0.230048
3109.93	0.0732317
3111.2	0.188386
3112.47	0.304623
3113.75	0.313057
3115.02	0.497643
3116.3	0.0442829
3117.57	0.199847
3118.84	0.231857
3120.12	0.208074
3121.39	0.603266
3122.66	0.251992
3123.93	0.00908566
3125.2	0.484198
3126.48	0.702328
3127.75	0.501623
3129.02	0.463992
3130.29	0.440347
3131.56	0.295159
3132.83	0.109268
3134.1	0.679305
3135.37	0.546078
3136.64	0.412161
3137.91	0.64166
3139.18	0.708574
3140.45	0.775098
3141.72	-0.00562668
3142.99	0.370783
3144.26	0.612932
3145.53	0.439637
3146.8	0.709805
3148.07	0.725943
3149.33	0.769592
