200.398	-0.11237
202.213	-0.0867128
204.027	-0.0590239
205.843	0.213251
207.657	0.607284
209.47	-0.797886
211.283	0.298622
213.097	0.00862026
214.909	-0.330992
216.721	0.710659
218.533	-0.380475
220.344	0.103949
222.157	-0.112424
223.967	0.180372
225.777	0.111222
227.587	-0.00603008
229.396	0.431732
231.205	0.578742
233.016	0.894085
234.824	0.679103
236.632	0.924024
238.439	0.111278
240.247	1.08568
242.053	1.26809
243.86	1.54918
245.666	1.42027
247.474	1.36157
249.279	2.21655
251.085	2.27007
252.889	2.5124
254.694	2.41403
256.498	2.29095
258.301	2.41019
260.105	1.71278
261.908	2.27119
263.71	2.15767
265.513	1.56392
267.315	1.59712
269.116	1.58173
270.918	2.16789
272.718	0.920044
274.519	0.32115
276.319	1.11829
278.119	1.11717
279.918	1.81166
281.718	1.00998
283.516	1.0245
285.315	0.748604
287.113	1.28816
288.911	0.891448
290.708	1.19122
292.505	0.774261
294.302	0.934186
296.098	0.0918789
297.894	0.375063
299.69	0.395961
301.485	0.225546
303.278	-0.423406
305.073	0.167569
306.867	0.112639
308.661	0.271947
310.454	0.241162
312.247	0.0690756
314.04	0.327873
315.833	1.1606
317.623	0.305111
319.415	0.475728
321.206	1.33928
322.997	1.27483
324.788	0.829185
326.579	0.407022
328.367	0.43791
330.156	0.515778
331.946	0.0898485
333.735	0.3312
335.523	0.258689
337.31	-0.15197
339.098	0.224175
340.885	-0.0477657
342.673	0.324765
344.458	0.123363
346.244	-0.0772505
348.03	-0.491749
349.816	-0.189223
351.6	0.184795
353.385	0.343163
355.17	0.83397
356.953	-0.108095
358.737	0.569461
360.521	0.101459
362.304	0.751275
364.085	0.186319
365.868	0.0964508
367.65	-0.0892839
369.431	-0.0861444
371.212	0.200044
372.994	0.555595
374.773	0.649809
376.554	0.318931
378.332	0.461057
380.112	0.109374
381.892	0.795527
383.669	-0.140583
385.448	0.477709
387.225	1.09705
389.003	0.496002
390.781	0.718629
392.557	0.613524
394.334	1.75395
396.109	0.875251
397.885	1.38232
399.66	1.91265
401.436	1.47939
403.211	2.19609
404.984	2.0191
406.759	2.16977
408.532	1.42727
410.306	1.13055
412.078	1.58494
413.851	2.0163
415.623	1.48662
417.395	1.82631
419.166	1.25179
420.938	1.68676
422.708	2.68487
424.477	1.80406
426.248	2.07214
428.017	1.63466
429.788	1.50165
431.556	1.60327
433.326	0.484918
435.093	1.12726
436.86	0.17364
438.629	0.885423
440.395	0.891088
442.163	0.870481
443.929	1.05781
445.694	0.352021
447.461	0.675481
449.226	0.670271
450.99	0.361419
452.756	0.450342
454.52	0.166216
456.285	0.255408
458.048	0.390817
459.811	0.083909
461.573	0.173608
463.337	0.218707
465.099	-0.639268
466.86	0.411883
468.623	0.909241
470.384	0.688805
472.144	-0.0894175
473.906	0.574043
475.666	0.304044
477.425	0.799665
479.184	0.221144
480.944	0.945622
482.703	0.365842
484.461	1.09189
486.218	0.44637
487.975	-0.0335493
489.734	0.421643
491.491	0.248675
493.247	0.450135
495.003	0.488547
496.759	0.760983
498.516	0.119779
500.271	1.51697
502.025	-0.39367
503.779	0.697942
505.533	0.919886
507.287	0.622815
509.042	0.488018
510.795	0.562688
512.547	0.56459
514.299	0.611471
516.051	0.985767
517.803	1.38165
519.554	1.3056
521.305	1.32247
523.055	1.38557
524.805	0.720635
526.555	1.55773
528.307	0.541655
530.056	0.862262
531.805	1.11169
533.553	2.0151
535.301	0.0852966
537.049	0.820877
538.797	0.806002
540.544	0.789468
542.291	0.678624
544.037	0.823374
545.783	0.66561
547.529	0.206722
549.275	1.4879
551.02	0.40451
552.765	0.272127
554.509	1.41114
556.253	0.886171
557.997	0.939293
559.738	0.163589
561.482	0.264728
563.224	0.550483
564.967	1.13542
566.709	0.158459
568.451	0.308661
570.192	0.230641
571.933	0.108622
573.674	0.654058
575.415	0.467831
577.153	0.74278
578.893	0.468847
580.632	0.953671
582.371	0.267244
584.11	0.659959
585.849	0.0856771
587.587	0.429508
589.323	-0.0794649
591.06	0.123449
592.797	0.325617
594.534	-0.346736
596.271	0.177319
598.005	0.264193
599.741	-0.0175095
601.476	0.113802
603.211	-0.377565
604.944	-0.134857
606.679	-0.0549698
608.413	-0.114088
610.147	0.469238
611.878	0.456131
613.611	-0.266675
615.344	0.157959
617.077	0.170145
618.807	0.456495
620.539	0.0543995
622.27	0.268737
623.999	0.138689
625.73	0.305698
627.461	-0.370871
629.189	-0.1086
630.919	0.384777
632.648	0.470185
634.376	-0.515554
636.105	0.598129
637.833	1.25314
639.559	0.717414
641.287	1.06748
643.013	0.319621
644.74	0.254289
646.467	1.16754
648.192	0.399803
649.918	0.159732
651.642	0.333879
653.368	0.377001
655.091	0.583989
656.816	0.361953
658.538	0.801852
660.263	0.30668
661.987	0.927516
663.708	0.883368
665.432	0.424226
667.153	0.122206
668.875	0.68806
670.596	0.980445
672.318	0.566282
674.037	0.406936
675.759	0.0669374
677.478	0.48515
679.196	0.67482
680.917	0.541726
682.635	0.267941
684.355	0.474333
686.072	0.747232
687.791	-0.225684
689.508	0.458148
691.224	0.104475
692.942	0.602226
694.658	0.822511
696.376	0.903181
698.091	0.774961
699.805	0.276918
701.522	0.904675
703.236	0.358192
704.95	0.201902
706.665	1.00901
708.379	0.71355
710.093	0.532559
711.806	0.923729
713.518	0.55894
715.23	-0.0111713
716.943	0.629737
718.655	0.174659
720.366	1.20207
722.078	0.724923
723.788	0.453461
725.498	0.523303
727.208	1.22861
728.919	0.797389
730.628	0.275685
732.337	0.0942049
734.045	0.93095
735.755	0.748899
737.463	0.816087
739.17	0.410277
740.877	0.817947
742.584	-0.102432
744.292	0.848673
745.998	0.608065
747.704	0.796946
749.409	0.762616
751.114	0.88748
752.819	1.0366
754.526	0.602711
756.23	0.553151
757.934	1.04597
759.637	0.5951
761.34	1.18225
763.043	0.778279
764.746	0.395974
766.448	0.350643
768.152	0.822845
769.853	1.0438
771.554	0.832394
773.255	1.20697
774.956	1.17381
776.656	1.79702
778.356	1.60801
780.056	1.42108
781.755	1.93696
783.454	1.66138
785.153	0.523989
786.851	1.44331
788.549	1.11342
790.247	1.70676
791.944	1.70782
793.641	0.645274
795.338	0.667105
797.034	1.45631
798.73	1.18794
800.426	0.629763
802.121	1.33394
803.817	1.09394
805.511	1.57335
807.206	1.44455
808.9	1.58377
810.592	1.65387
812.286	1.54314
813.979	1.47657
815.672	1.36498
817.364	1.20876
819.057	1.05288
820.748	2.17033
822.44	1.47914
824.129	1.83803
825.82	1.61899
827.511	1.20261
829.201	1.48052
830.891	1.76255
832.581	1.22437
834.269	1.7363
835.958	0.845128
837.646	1.55957
839.335	0.754899
841.023	1.84609
842.709	1.34976
844.396	1.03125
846.084	1.09341
847.77	0.911963
849.455	0.912551
851.141	0.804523
852.827	1.5058
854.513	1.58164
856.196	1.09593
857.881	0.855117
859.566	0.881703
861.248	1.1761
862.932	0.815302
864.616	0.542594
866.297	0.922222
867.98	1.16588
869.663	1.29625
871.343	0.794625
873.026	0.20232
874.707	0.71536
876.387	1.16086
878.068	0.997117
879.747	0.0883074
881.428	0.736511
883.108	1.06779
884.786	0.6978
886.465	0.551731
888.143	0.403679
889.822	1.44884
891.498	0.687786
893.177	0.488954
894.855	0.738883
896.53	1.09933
898.208	0.559354
899.883	0.939004
901.56	0.577257
903.234	0.439418
904.91	0.659191
906.584	1.23587
908.26	0.563477
909.933	-0.0393696
911.608	0.872993
913.28	1.11777
914.955	0.607623
916.627	0.298193
918.298	0.188723
919.972	0.788104
921.643	1.01108
923.315	0.549941
924.986	0.224202
926.656	0.607808
928.328	0.640237
929.997	0.939185
931.668	0.84185
933.337	0.105213
935.006	0.29543
936.676	0.287647
938.344	0.700041
940.012	1.18028
941.681	0.0740204
943.348	0.402572
945.014	0.466294
946.683	1.16872
948.349	0.455974
950.015	0.491163
951.682	0.480489
953.347	0.337509
955.012	0.924285
956.676	0.963468
958.343	1.1616
960.006	0.260324
961.67	1.37007
963.333	0.978268
964.998	1.15873
966.661	0.627633
968.323	-0.150926
969.985	0.0633039
971.649	0.851307
973.31	0.887679
974.971	0.660664
976.632	0.192863
978.293	0.147263
979.953	0.666867
981.615	1.1863
983.274	0.763221
984.933	0.226722
986.592	0.373659
988.251	1.35874
989.909	0.837429
991.567	1.13342
993.225	1.16376
994.884	1.65772
996.541	0.915845
998.198	2.75455
999.855	1.7481
1001.51	2.98855
1003.17	1.95995
1004.82	1.85591
1006.48	0.894772
1008.13	1.51628
1009.79	1.67654
1011.44	1.11355
1013.1	1.75734
1014.75	1.08674
1016.4	0.942866
1018.06	1.10621
1019.71	1.02998
1021.36	0.889707
1023.01	0.904119
1024.66	0.220582
1026.32	0.652526
1027.97	0.734852
1029.62	1.16584
1031.27	0.743143
1032.92	0.864261
1034.57	0.982883
1036.22	1.05575
1037.87	0.996554
1039.52	1.5903
1041.16	0.683238
1042.81	1.53998
1044.46	1.98556
1046.11	2.19484
1047.76	2.49386
1049.4	2.23081
1051.05	2.88198
1052.7	2.10088
1054.34	3.21054
1055.99	1.82125
1057.63	1.88745
1059.28	1.06152
1060.92	0.843296
1062.57	1.03709
1064.21	0.816428
1065.85	0.52911
1067.5	0.479449
1069.14	0.710867
1070.78	0.615405
1072.43	0.997362
1074.07	0.576832
1075.71	0.656939
1077.35	0.99914
1078.99	0.367261
1080.63	0.755734
1082.27	0.818976
1083.91	0.143817
1085.55	-0.20815
1087.19	0.152414
1088.83	1.09438
1090.47	0.344752
1092.11	0.243195
1093.75	0.421847
1095.39	0.384596
1097.03	-0.125703
1098.66	0.0775204
1100.3	0.26133
1101.94	-0.391579
1103.57	0.270638
1105.21	0.525791
1106.84	0.846282
1108.48	0.306115
1110.11	-0.62235
1111.75	0.467977
1113.38	0.266153
1115.02	0.427722
1116.65	0.588196
1118.29	0.469861
1119.92	0.566869
1121.55	0.10847
1123.19	0.422515
1124.82	0.951685
1126.45	0.348181
1128.08	0.23793
1129.71	0.214261
1131.34	0.0845251
1132.97	-0.322655
1134.6	-0.0458927
1136.23	0.358203
1137.86	-0.329051
1139.49	0.413586
1141.12	-0.745974
1142.75	0.548856
1144.38	0.0296431
1146.01	0.0448189
1147.64	-0.109166
1149.26	0.654289
1150.89	0.0335789
1152.52	0.0946531
1154.15	-0.164112
1155.77	-0.21045
1157.4	-0.171844
1159.02	0.016099
1160.65	0.205115
1162.27	-0.0721312
1163.9	0.268666
1165.52	0.0148916
1167.15	0.802641
1168.77	0.589585
1170.39	0.182913
1172.02	-0.417406
1173.64	0.424236
1175.26	0.626441
1176.89	0.064353
1178.51	-0.157674
1180.13	0.59527
1181.75	0.290796
1183.37	0.177942
1184.99	-0.145975
1186.61	-0.21734
1188.23	0.0467739
1189.85	-0.113902
1191.47	0.502073
1193.09	0.609661
1194.71	0.253818
1196.33	0.653749
1197.94	-0.118665
1199.56	0.66087
1201.18	0.627287
1202.8	0.806436
1204.41	0.676168
1206.03	0.799538
1207.65	0.862277
1209.26	0.50829
1210.88	1.02926
1212.49	0.796927
1214.11	0.853296
1215.72	1.09368
1217.34	0.561234
1218.95	0.152988
1220.57	1.07397
1222.18	1.06081
1223.79	0.945893
1225.41	1.08186
1227.02	1.09574
1228.63	1.40127
1230.24	1.9359
1231.85	1.08713
1233.47	1.02587
1235.08	0.842436
1236.69	1.9836
1238.3	1.39012
1239.91	1.12829
1241.52	1.25963
1243.13	1.03887
1244.74	1.31353
1246.34	1.79368
1247.95	1.71362
1249.56	1.21859
1251.17	1.46793
1252.78	1.57272
1254.38	0.871885
1255.99	0.462189
1257.6	1.39883
1259.2	1.4478
1260.81	1.08416
1262.42	0.762396
1264.02	1.64195
1265.63	0.90521
1267.23	1.49358
1268.84	0.650324
1270.44	1.87879
1272.04	1.34336
1273.65	1.63575
1275.25	1.18036
1276.85	1.42837
1278.46	1.55071
1280.06	0.864486
1281.66	0.820007
1283.26	0.961885
1284.86	1.24916
1286.46	0.834641
1288.07	0.463162
1289.67	1.18838
1291.27	1.48027
1292.87	1.0282
1294.47	1.6701
1296.06	1.40115
1297.66	1.95576
1299.26	1.3932
1300.86	2.06612
1302.46	1.21175
1304.06	1.8598
1305.65	1.76538
1307.25	1.71142
1308.85	2.21107
1310.44	1.82838
1312.04	1.95885
1313.64	2.06975
1315.23	1.32369
1316.83	1.86662
1318.42	1.38946
1320.02	2.33999
1321.61	1.7599
1323.2	1.50421
1324.8	1.85629
1326.39	1.25126
1327.99	2.16744
1329.58	1.58369
1331.17	1.97441
1332.76	1.70089
1334.36	2.13786
1335.95	2.27413
1337.54	2.26998
1339.13	1.98272
1340.72	2.3782
1342.31	1.5422
1343.9	1.81052
1345.49	1.85563
1347.08	1.64001
1348.67	1.40733
1350.26	1.27874
1351.85	1.17411
1353.43	1.35251
1355.02	1.15301
1356.61	1.23397
1358.2	1.53403
1359.78	1.77259
1361.37	1.15108
1362.96	1.96521
1364.54	1.24276
1366.13	1.5974
1367.71	1.31557
1369.3	1.11539
1370.88	1.07661
1372.47	1.43782
1374.05	1.10426
1375.64	1.20947
1377.22	1.33477
1378.8	1.02158
1380.39	1.24421
1381.97	1.50464
1383.55	1.14651
1385.13	1.16484
1386.72	1.85792
1388.3	1.47822
1389.88	1.11967
1391.46	0.62381
1393.04	1.2403
1394.62	1.06376
1396.2	1.28363
1397.78	1.12574
1399.36	0.807976
1400.94	0.786182
1402.52	1.73348
1404.1	1.43328
1405.68	0.718901
1407.25	1.66668
1408.83	0.678718
1410.41	0.818041
1411.98	0.917761
1413.56	0.779716
1415.14	1.27188
1416.71	1.13123
1418.29	1.66026
1419.87	1.49968
1421.44	1.73462
1423.02	0.751301
1424.59	1.52246
1426.16	1.62625
1427.74	1.31756
1429.31	1.89424
1430.89	2.07591
1432.46	2.53126
1434.03	2.78812
1435.6	2.55241
1437.18	3.35915
1438.75	2.31894
1440.32	2.794
1441.89	2.54336
1443.46	3.70886
1445.03	2.96865
1446.6	3.29004
1448.17	3.31687
1449.74	3.77667
1451.31	3.23456
1452.88	3.4798
1454.45	2.03405
1456.02	2.67322
1457.59	2.83941
1459.16	3.12176
1460.72	3.00777
1462.29	2.3203
1463.86	2.77134
1465.43	2.35536
1466.99	2.0178
1468.56	1.34734
1470.13	2.15065
1471.69	1.4641
1473.26	1.77979
1474.82	1.5671
1476.38	1.39433
1477.95	1.12374
1479.51	1.55882
1481.08	1.28804
1482.64	1.1152
1484.2	0.452374
1485.77	0.749214
1487.33	0.516059
1488.89	0.868557
1490.46	0.591949
1492.02	0.645004
1493.58	1.43706
1495.14	0.273726
1496.7	0.592484
1498.26	1.16302
1499.82	0.391835
1501.38	0.827596
1502.94	-0.306727
1504.5	0.790561
1506.06	0.105321
1507.62	0.735604
1509.18	0.667662
1510.73	1.1771
1512.29	0.277096
1513.85	0.379678
1515.41	0.0593033
1516.96	0.623691
1518.52	0.842647
1520.08	0.449064
1521.63	0.955982
1523.19	0.390967
1524.75	0.837997
1526.3	0.348164
1527.85	0.753254
1529.41	0.110554
1530.96	0.912693
1532.52	0.670393
1534.07	1.05495
1535.62	0.645658
1537.18	0.540967
1538.73	0.664015
1540.28	0.391378
1541.84	1.81492
1543.39	0.581882
1544.94	0.892707
1546.49	0.958426
1548.04	1.11758
1549.59	0.882702
1551.14	0.554943
1552.69	0.527848
1554.25	1.10019
1555.79	1.09464
1557.34	0.77433
1558.89	0.886266
1560.44	1.22475
1561.99	0.819345
1563.54	0.714042
1565.08	1.03871
1566.63	1.13971
1568.18	1.07243
1569.73	0.556607
1571.27	1.12283
1572.82	1.24067
1574.37	0.928952
1575.91	1.02792
1577.46	0.996509
1579	0.610936
1580.55	1.29045
1582.09	1.05619
1583.64	0.935101
1585.18	1.00187
1586.73	1.20027
1588.27	0.837938
1589.81	1.20478
1591.35	1.85206
1592.9	1.63774
1594.44	1.32919
1595.98	1.75119
1597.52	2.13656
1599.06	1.86696
1600.61	1.84206
1602.15	1.79905
1603.69	1.98134
1605.23	1.46772
1606.77	1.94778
1608.31	1.57937
1609.85	0.831702
1611.39	1.50903
1612.93	1.52563
1614.46	1.07107
1616	0.822732
1617.54	1.15637
1619.08	1.52873
1620.61	1.5471
1622.15	1.62366
1623.69	1.19595
1625.23	1.72311
1626.76	1.59399
1628.3	1.38823
1629.83	1.55461
1631.37	1.2894
1632.9	1.24802
1634.44	1.0764
1635.97	1.07399
1637.51	1.63238
1639.04	2.11672
1640.57	1.46395
1642.11	2.05899
1643.64	1.47879
1645.17	1.30689
1646.71	1.65456
1648.24	2.39145
1649.77	1.71659
1651.3	2.28734
1652.83	1.3384
1654.36	1.94933
1655.89	1.87502
1657.42	1.74512
1658.96	2.42916
1660.48	1.57414
1662.01	1.93899
1663.54	1.72855
1665.07	2.18249
1666.6	2.00868
1668.13	1.02521
1669.66	1.64868
1671.19	2.23686
1672.71	2.25531
1674.24	1.37215
1675.77	1.53854
1677.29	1.57487
1678.82	1.49922
1680.35	1.51403
1681.87	0.682467
1683.4	0.843033
1684.92	1.37048
1686.45	0.595653
1687.97	0.665483
1689.5	0.589235
1691.02	1.02608
1692.54	0.76719
1694.07	1.0755
1695.59	0.853066
1697.11	0.703591
1698.64	0.425969
1700.16	0.640826
1701.68	0.161632
1703.2	0.156149
1704.72	-0.105037
1706.25	0.57972
1707.77	0.390269
1709.29	0.18285
1710.81	0.102919
1712.33	0.911869
1713.85	-0.0920897
1715.37	-0.35208
1716.89	0.292676
1718.41	0.0325098
1719.92	0.458879
1721.44	-0.43238
1722.96	0.427319
1724.48	0.296243
1725.99	0.311193
1727.51	0.237992
1729.03	0.526141
1730.55	0.0782166
1732.06	-0.185178
1733.58	0.186202
1735.09	0.512045
1736.61	-0.0973511
1738.13	0.2215
1739.64	0.371437
1741.15	0.214431
1742.67	-0.162075
1744.18	0.306303
1745.7	-0.657613
1747.21	-0.0927219
1748.72	-0.21062
1750.24	-0.083931
1751.75	0.394309
1753.26	0.199345
1754.77	0.504839
1756.29	0.100423
1757.8	0.0963316
1759.31	-0.537578
1760.82	0.322268
1762.33	-0.0685177
1763.84	-0.377613
1765.35	0.267604
1766.86	0.381853
1768.37	-0.192796
1769.88	-0.20049
1771.39	-0.154572
1772.9	0.288144
1774.4	0.114436
1775.91	-0.237917
1777.42	0.228869
1778.93	0.0516272
1780.44	0.238836
1781.94	0.372193
1783.45	-0.00849342
1784.96	-0.0228624
1786.46	0.257501
1787.97	-0.124998
1789.47	-0.214366
1790.98	0.139204
1792.48	-0.0122986
1793.99	0.15004
1795.49	0.113078
1797	-0.12732
1798.5	-0.353597
1800.01	0.0460863
1801.51	0.508028
1803.01	-0.0209684
1804.51	0.388908
1806.02	-0.0938168
1807.52	-0.0628557
1809.02	0.0435352
1810.52	0.408439
1812.02	-0.0242853
1813.52	0.239827
1815.02	0.320965
1816.53	0.230461
1818.03	-0.0397749
1819.52	-0.070034
1821.02	0.171931
1822.52	0.294658
1824.02	-0.0757437
1825.52	0.109672
1827.02	-0.10257
1828.52	0.0746679
1830.02	-0.0557146
1831.51	0.259774
1833.01	-0.285921
1834.51	0.200688
1836.01	-0.131782
1837.5	0.302578
1839	-0.014843
1840.49	0.259708
1841.99	0.440537
1843.49	0.309851
1844.98	0.176803
1846.48	-0.12876
1847.97	0.171036
1849.47	0.255978
1850.96	0.493528
1852.45	-0.257533
1853.95	0.224621
1855.44	-0.561417
1856.93	-0.0949078
1858.42	-0.282398
1859.92	0.235039
1861.41	0.587406
1862.9	0.568552
1864.39	-0.00367355
1865.88	-0.342347
1867.38	0.000685692
1868.87	0.170171
1870.36	0.0954046
1871.85	0.217588
1873.34	0.125072
1874.83	0.0736732
1876.32	-0.138199
1877.81	0.0278254
1879.29	0.203161
1880.78	0.106004
1882.27	-0.119238
1882.53	-0.163556
1884.03	0.375274
1885.52	0.633718
1887.01	0.507423
1888.51	0.0845661
1890	0.671554
1891.5	0.042141
1892.99	-0.14983
1894.48	0.199861
1895.97	0.377995
1897.47	0.174833
1898.96	0.319322
1900.45	-0.129161
1901.94	-0.162505
1903.43	-0.181002
1904.92	0.0591812
1906.41	0.228481
1907.9	0.119722
1909.39	0.376472
1910.88	-0.267837
1912.37	0.16504
1913.86	-0.459391
1915.35	-0.0777178
1916.84	0.285988
1918.33	0.0594254
1919.81	-0.202307
1921.3	0.26347
1922.79	0.279365
1924.28	0.313879
1925.76	0.0211716
1927.25	0.0243425
1928.73	-0.0234842
1930.22	0.500072
1931.71	0.225903
1933.19	0.140075
1934.68	-0.0694914
1936.16	-0.74844
1937.65	0.196999
1939.13	-0.276296
1940.62	0.322021
1942.1	-0.580505
1943.58	-0.0489168
1945.07	-0.102784
1946.55	0.274902
1948.03	0.255643
1949.51	0.131935
1951	0.00687122
1952.48	0.104289
1953.96	0.355496
1955.44	0.0907497
1956.92	0.376437
1958.4	0.508348
1959.88	0.349612
1961.36	0.140404
1962.84	-0.0683355
1964.32	0.35674
1965.8	-0.17829
1967.28	0.2618
1968.76	0.0504265
1970.24	-0.00769997
1971.72	0.121752
1973.2	0.182673
1974.67	-0.0463028
1976.15	-0.257653
1977.63	0.553479
1979.1	0.410505
1980.58	-0.565803
1982.06	0.0567884
1983.54	-0.00136566
1985.01	-0.280569
1986.49	-0.186586
1987.96	0.110584
1989.44	0.0182962
1990.91	-0.0559587
1992.39	0.192595
1993.86	-0.301451
1995.33	0.372123
1996.81	0.353245
1998.28	0.199224
1999.75	0.568013
2001.23	-0.380643
2002.7	0.15513
2004.17	0.218146
2005.65	0.26475
2007.12	0.278744
2008.59	0.344646
2010.06	0.209787
2011.53	-0.429242
2013	0.211133
2014.47	0.0261087
2015.94	0.311114
2017.41	0.241419
2018.88	0.355471
2020.35	-0.0354567
2021.82	0.144781
2023.29	0.241402
2024.76	0.20488
2026.23	-0.0814781
2027.69	-0.617228
2029.16	-0.077405
2030.63	0.313488
2032.1	0.0851126
2033.56	0.360906
2035.03	0.217051
2036.5	-0.0786648
2037.96	0.246408
2039.43	0.234921
2040.89	-0.129671
2042.36	0.0609999
2043.83	-0.234912
2045.29	0.429402
2046.75	0.152654
2048.22	-0.0228643
2049.68	0.256021
2051.15	-0.241921
2052.61	0.0165386
2054.07	-0.351573
2055.54	-0.249944
2057	0.338554
2058.46	0.167184
2059.92	0.298909
2061.39	-0.208677
2062.85	-0.0582962
2064.31	0.228107
2065.77	0.0951977
2067.23	0.0476665
2068.69	0.202954
2070.15	0.341909
2071.61	0.2958
2073.07	0.198958
2074.53	0.253267
2075.99	0.307096
2077.45	0.057271
2078.91	-0.0247278
2080.37	-0.0905304
2081.82	0.297473
2083.28	0.297211
2084.74	-0.00702858
2086.2	0.32709
2087.65	-0.264729
2089.11	-0.21796
2090.57	0.332385
2092.02	0.311251
2093.48	0.0886507
2094.94	0.268412
2096.39	0.329924
2097.85	0.139166
2099.3	0.567002
2100.76	0.124142
2102.21	-0.117192
2103.66	0.227432
2105.12	-0.244279
2106.57	0.170586
2108.03	0.203088
2109.48	-0.0140629
2110.93	0.0181923
2112.38	0.0318966
2113.84	0.143093
2115.29	0.534714
2116.74	0.409009
2118.19	0.549747
2119.64	0.194285
2121.09	0.439238
2122.54	0.205849
2123.99	0.00780201
2125.45	0.407633
2126.89	-0.00537968
2128.34	-0.0549841
2129.79	0.09237
2131.24	-0.0272102
2132.69	0.282598
2134.14	-0.102786
2135.59	-0.106368
2137.04	0.0243034
2138.48	0.140948
2139.93	-0.103375
2141.38	0.00162411
2142.83	-0.371243
2144.27	0.199446
2145.72	0.274295
2147.17	0.266007
2148.61	0.174021
2150.06	0.544641
2151.5	-0.709749
2152.95	-0.441246
2154.39	0.372931
2155.84	0.308303
2157.28	-0.369108
2158.73	0.0146427
2160.17	0.367096
2161.61	-0.305307
2163.06	-0.0307703
2164.5	-0.0856819
2165.94	-0.0565176
2167.38	0.60391
2168.83	-0.099472
2170.27	0.208582
2171.71	0.0980654
2173.15	0.450699
2174.59	0.368909
2176.03	0.169935
2177.47	0.154212
2178.91	0.289157
2180.36	0.392182
2181.8	-0.00237942
2183.23	0.684681
2184.67	0.474203
2186.11	0.779469
2187.55	0.535789
2188.99	0.0590868
2190.43	0.114838
2191.87	0.0537081
2193.3	-0.025094
2194.74	-0.0557213
2196.18	0.0943203
2197.62	0.175006
2199.05	-0.145799
2200.49	0.745327
2201.93	-0.274339
2203.36	-0.545079
2204.8	0.578766
2206.23	0.14501
2207.67	0.1928
2209.1	0.0250254
2210.54	0.137712
2211.97	0.0669479
2213.41	-0.219629
2214.84	0.187757
2216.27	0.44686
2217.71	-0.0516195
2219.14	0.0787172
2220.57	0.276093
2222.01	0.341685
2223.44	0.323863
2224.87	0.271175
2226.3	0.117419
2227.73	0.35616
2229.16	-0.22854
2230.6	0.696203
2232.03	-0.0692282
2233.46	0.296842
2234.89	-0.0726089
2236.32	0.197404
2237.75	0.159041
2239.18	0.139699
2240.61	0.416798
2242.03	0.190763
2243.46	0.309011
2244.89	0.411467
2246.32	0.317261
2247.75	0.188207
2249.17	0.235517
2250.6	0.295916
2252.03	0.0281963
2253.46	0.133798
2254.88	0.532062
2256.31	0.152511
2257.73	0.0363798
2259.16	0.459683
2260.59	0.05968
2262.01	0.166067
2263.44	0.22609
2264.86	0.562874
2266.29	0.0377264
2267.71	-0.147448
2269.14	0.00771332
2270.56	0.226974
2271.98	0.18511
2273.4	-0.264177
2274.83	0.312728
2276.25	-0.201506
2277.67	-0.0312262
2279.09	0.0740261
2280.52	0.244487
2281.94	0.104944
2283.36	-0.116364
2284.78	-0.321399
2286.2	0.0287418
2287.62	0.330613
2289.04	-0.00368977
2290.46	0.185201
2291.88	0.16213
2293.3	0.0901508
2294.72	-0.374599
2296.14	0.0931444
2297.56	-0.0774364
2298.98	0.177857
2300.4	0.335311
2301.82	-0.146205
2303.23	0.290942
2304.65	0.269153
2306.07	-0.508239
2307.49	0.191936
2308.9	0.119377
2310.32	0.457031
2311.73	0.136367
2313.15	-0.250355
2314.57	0.0545311
2315.98	0.196019
2317.4	0.519978
2318.81	-0.259537
2320.23	-0.050622
2321.64	-0.156552
2323.06	0.0319223
2324.47	0.266677
2325.88	0.0691748
2327.3	0.545561
2328.71	-0.0344095
2330.12	0.0948048
2331.54	0.0275755
2332.95	0.0607157
2334.36	0.341853
2335.77	-0.00189877
2337.18	-0.296781
2338.6	0.311396
2340.01	0.177958
2341.42	-0.0880461
2342.83	0.219954
2344.24	-0.0792894
2345.65	-0.0335808
2347.06	-0.200454
2348.47	0.140359
2349.88	0.103956
2351.29	0.131889
2352.7	-0.00494194
2354.1	0.0203238
2355.51	-0.0858326
2356.92	-0.0619774
2358.33	-0.428558
2359.74	-0.0468121
2361.14	-0.542164
2362.55	0.0173492
2363.96	0.10585
2365.36	-0.178
2366.77	0.314743
2368.18	-0.0321989
2369.58	-0.167338
2370.99	-0.10699
2372.39	0.00346565
2373.8	0.0508118
2375.2	0.27572
2376.61	0.0976744
2378.01	0.0790825
2379.42	-0.00593185
2380.82	0.565002
2382.22	0.0423298
2383.63	0.112178
2385.03	-0.0264339
2386.43	0.13942
2387.84	0.226375
2389.24	0.362683
2390.64	-0.21631
2392.04	0.305676
2393.44	0.128368
2394.84	0.159176
2396.25	0.111474
2397.65	-0.396189
2399.05	0.05056
2400.45	0.0212336
2401.85	0.310032
2403.25	0.265299
2404.65	0.394712
2406.05	0.157726
2407.45	-0.0328121
2408.84	0.378376
2410.24	0.249733
2411.64	0.169071
2413.04	0.200494
2414.44	-0.0987692
2415.83	0.395658
2417.23	-0.0737448
2418.63	0.29723
2420.02	0.637188
2421.42	0.327651
2422.82	-0.0300207
2424.21	0.0871544
2425.61	-0.00155449
2427	0.148171
2428.4	0.0772333
2429.8	0.229628
2431.19	0.224458
2432.58	-0.304381
2433.98	0.547318
2435.37	0.301811
2436.77	-0.136575
2438.16	0.0107508
2439.55	0.267425
2440.95	0.459151
2442.34	0.22136
2443.73	-0.191202
2445.12	0.0783634
2446.51	0.204789
2447.91	-0.0811157
2449.3	0.28266
2450.69	0.0447769
2452.08	0.345963
2453.47	0.094264
2454.86	0.381772
2456.25	0.100728
2457.64	0.0574408
2459.03	-0.0176888
2460.42	0.1278
2461.81	0.224664
2463.2	0.0516596
2464.59	0.0991468
2465.98	0.177756
2467.36	0.240379
2468.75	-0.612266
2470.14	-0.470837
2471.53	-0.172532
2472.92	0.140255
2474.3	-0.00496483
2475.69	0.006423
2477.08	-0.0770273
2478.46	0.153673
2479.85	0.321472
2481.23	0.379489
2482.62	0.0299692
2484	0.0873671
2485.39	-0.0598783
2486.77	0.057189
2488.16	0.188063
2489.54	0.208476
2490.93	0.0574265
2492.31	-0.170234
2493.69	0.0699224
2495.08	-0.340055
2496.46	0.244375
2497.84	-0.177637
2499.23	0.0359144
2500.61	0.480706
2501.99	-0.00358295
2503.37	0.144662
2504.75	-0.140533
2506.13	-0.0715952
2507.52	0.119973
2508.9	-0.272896
2510.28	0.656382
2511.66	0.0811796
2513.04	0.504498
2514.42	-0.128475
2515.8	0.0672064
2517.18	0.0648527
2518.55	0.338462
2519.93	0.321698
2521.31	-0.092515
2522.69	0.210217
2524.07	0.282582
2525.45	0.399549
2526.82	0.0591154
2528.2	-0.0824041
2529.58	0.00587463
2530.95	0.217837
2532.33	-0.266936
2533.71	0.648072
2535.08	0.287829
2536.46	0.261767
2537.84	0.295533
2539.21	0.327936
2540.59	0.222499
2541.96	0.146977
2543.34	0.269132
2544.71	0.377255
2546.08	0.00172138
2547.46	0.11329
2548.83	0.301932
2550.2	0.430027
2551.58	-0.322731
2552.95	0.54705
2554.32	0.398549
2555.7	-0.024271
2557.07	0.432061
2558.44	-0.0369997
2559.81	0.176725
2561.18	0.60329
2562.55	0.106215
2563.93	-0.314191
2565.3	0.690463
2566.67	0.119454
2568.04	0.0031786
2569.41	0.114249
2570.78	-0.00203133
2572.15	0.215204
2573.51	0.417418
2574.88	0.453044
2576.25	0.261297
2577.62	0.554606
2578.99	0.529204
2580.36	0.200038
2581.73	-0.251001
2583.09	0.283008
2584.46	0.331463
2585.83	0.19794
2587.19	-0.299152
2588.56	0.280138
2589.93	0.29878
2591.29	0.196015
2592.66	0.00171375
2594.02	0.321409
2595.39	0.397198
2596.75	0.1536
2598.12	0.105806
2599.48	0.31456
2600.85	-0.277607
2602.21	-0.0378399
2603.58	0.413947
2604.94	0.41347
2606.3	0.383101
2607.67	0.126113
2609.03	0.229897
2610.39	0.301745
2611.76	-0.170174
2613.12	0.169101
2614.48	0.29635
2615.84	0.723074
2617.2	0.354779
2618.56	0.122846
2619.92	0.236563
2621.28	0.00722504
2622.65	-0.0268202
2624.01	0.148549
2625.37	0.338536
2626.72	0.348962
2628.08	0.194994
2629.44	-0.0782862
2630.8	-0.0389957
2632.16	-0.163442
2633.52	0.410384
2634.88	0.315352
2636.24	0.101791
2637.59	0.170097
2638.95	0.0310783
2640.31	0.691391
2641.67	0.271883
2643.02	0.16361
2644.38	0.498604
2645.74	0.4052
2647.09	0.134463
2648.45	0.467093
2649.8	-0.0113831
2651.16	0.362776
2652.51	0.0601931
2653.87	0.38938
2655.22	0.675014
2656.58	0.214807
2657.93	0.737506
2659.29	0.705001
2660.64	0.000530243
2661.99	0.46569
2663.35	0.111578
2664.7	0.180072
2666.05	0.524534
2667.41	-0.0211945
2668.76	0.438568
2670.11	0.330534
2671.46	0.790438
2672.81	0.509604
2674.16	0.346172
2675.51	0.227268
2676.87	0.0657349
2678.22	0.876953
2679.57	0.340429
2680.92	0.211512
2682.27	-0.0172338
2683.62	0.335624
2684.97	0.254822
2686.31	0.276185
2687.66	0.384418
2689.01	0.345881
2690.36	0.2324
2691.71	0.479266
2693.06	0.317603
2694.4	0.865251
2695.75	0.281633
2697.1	0.525145
2698.45	0.248968
2699.79	0.148981
2701.14	0.384444
2702.49	0.375836
2703.83	0.629525
2705.18	0.681209
2706.52	0.370399
2707.87	0.305609
2709.21	0.545064
2710.56	0.551802
2711.9	0.427412
2713.25	0.607903
2714.59	0.39594
2715.94	0.445478
2717.28	0.291224
2718.62	0.383839
2719.97	0.257721
2721.31	0.160034
2722.65	0.410966
2723.99	0.457494
2725.34	0.590745
2726.68	0.665227
2728.02	0.491826
2729.36	0.158046
2730.7	0.55166
2732.04	0.654152
2733.39	0.75674
2734.73	0.757732
2736.07	0.875369
2737.41	0.847744
2738.75	0.529224
2740.08	0.573942
2741.43	0.705216
2742.76	0.297652
2744.1	0.267175
2745.44	0.352075
2746.78	0.363702
2748.12	0.0702333
2749.46	-0.164886
2750.79	0.267581
2752.13	0.366618
2753.47	0.205033
2754.81	0.449454
2756.14	0.476654
2757.48	0.243431
2758.81	0.575242
2760.15	0.371946
2761.49	-0.0332012
2762.82	0.575262
2764.16	0.185721
2765.49	0.215777
2766.83	0.433267
2768.16	0.533685
2769.5	0.73344
2770.83	0.497388
2772.16	0.317472
2773.5	0.194104
2774.83	0.560345
2776.17	0.652199
2777.5	0.240713
2778.83	0.290821
2780.16	0.585858
2781.5	0.0480299
2782.83	0.501259
2784.16	-0.351273
2785.49	0.259154
2786.82	0.138574
2788.15	-0.339039
2789.49	0.10056
2790.82	0.355075
2792.15	-0.00431824
2793.48	0.237477
2794.81	-0.192501
2796.14	0.0773983
2797.46	-0.0821152
2798.79	-0.113768
2800.12	-0.0746202
2801.45	-0.164253
2802.78	0.187935
2804.11	0.297137
2805.44	0.348635
2806.76	0.513084
2808.09	0.349288
2809.42	0.185146
2810.75	0.362112
2812.07	0.553847
2813.4	0.25054
2814.73	0.190529
2816.05	0.0333071
2817.38	0.557971
2818.7	0.0487442
2820.03	0.13482
2821.36	-0.204906
2822.68	0.687415
2824.01	0.402598
2825.33	0.358224
2826.65	0.582982
2827.98	0.0579758
2829.3	0.0718288
2830.63	0.695013
2831.95	0.837148
2833.27	0.894257
2834.6	0.597055
2835.92	0.610577
2837.24	1.28836
2838.56	1.52668
2839.88	1.75043
2841.21	1.90353
2842.53	2.04304
2843.85	2.1976
2845.17	2.43801
2846.49	1.95859
2847.81	2.63857
2849.13	2.59783
2850.45	3.00893
2851.77	3.09419
2853.09	3.13626
2854.41	3.13533
2855.73	2.96458
2857.05	2.7656
2858.37	3.42833
2859.69	3.31412
2861	3.38324
2862.32	3.86125
2863.64	3.98563
2864.96	4.44817
2866.28	4.31797
2867.59	4.51259
2868.91	5.1872
2870.23	5.18555
2871.54	5.48017
2872.86	5.36554
2874.17	5.36248
2875.49	5.21689
2876.81	4.78813
2878.12	5.3576
2879.44	5.54628
2880.75	5.31358
2882.07	5.34932
2883.38	5.48498
2884.69	5.52379
2886.01	5.35295
2887.32	5.95421
2888.63	5.34777
2889.95	5.51196
2891.26	5.56254
2892.57	5.10757
2893.89	5.8295
2895.2	5.90724
2896.51	5.84621
2897.82	5.52099
2899.13	5.28142
2900.44	5.96642
2901.76	6.63803
2903.07	6.28878
2904.38	5.9118
2905.69	6.34652
2907	6.30653
2908.31	6.7434
2909.62	6.55209
2910.93	7.00532
2912.24	7.30476
2913.55	7.4211
2914.85	7.52127
2916.16	7.77271
2917.47	8.16153
2918.78	8.03086
2920.09	8.54339
2921.4	8.24572
2922.7	7.96414
2924.01	8.95679
2925.32	8.46954
2926.62	8.86391
2927.93	8.47551
2929.24	9.2049
2930.54	8.3956
2931.85	8.57815
2933.15	8.52265
2934.46	8.69074
2935.76	8.55152
2937.07	8.41258
2938.37	8.44162
2939.68	8.21957
2940.98	8.40354
2942.29	7.61065
2943.59	7.30857
2944.89	6.75672
2946.2	7.45095
2947.5	6.36974
2948.8	6.49103
2950.11	6.58276
2951.41	6.0418
2952.71	5.83412
2954.01	6.0725
2955.32	5.91831
2956.62	5.56947
2957.92	5.93741
2959.22	5.48334
2960.52	5.17293
2961.82	5.81829
2963.12	5.76427
2964.42	5.47067
2965.72	5.48369
2967.02	5.00242
2968.32	4.84225
2969.62	4.91995
2970.92	4.89907
2972.22	4.21737
2973.51	4.61938
2974.81	4.03625
2976.11	3.88843
2977.41	4.45691
2978.71	3.61495
2980	3.6295
2981.3	3.92361
2982.6	3.30245
2983.9	3.17435
2985.19	3.35706
2986.49	2.57222
2987.78	2.96987
2989.08	2.76467
2990.38	2.8128
2991.67	2.3543
2992.97	2.33004
2994.26	2.47265
2995.56	1.65848
2996.85	2.30406
2998.14	1.71386
2999.44	1.57338
3000.73	1.32157
3002.03	1.3791
3003.32	0.58241
3004.61	1.42532
3005.91	1.10502
3007.2	1.42805
3008.49	0.938151
3009.78	1.11875
3011.07	0.92083
3012.37	0.610936
3013.66	0.803735
3014.95	0.662255
3016.24	0.619437
3017.53	0.452395
3018.82	0.244502
3020.11	0.370718
3021.4	0.760281
3022.69	-0.0462475
3023.98	0.451656
3025.27	0.406961
3026.56	0.26512
3027.85	0.0134926
3029.14	0.192376
3030.43	-0.221114
3031.71	0.362099
3033	0.173182
3034.29	0.178044
3035.58	0.306369
3036.87	0.0605793
3038.15	0.143418
3039.44	-0.0240812
3040.73	0.0404072
3042.01	0.00746632
3043.3	0.11161
3044.59	-0.248744
3045.87	-0.0591879
3047.16	-0.386232
3048.44	0.177624
3049.73	0.293446
3051.01	-0.148105
3052.3	0.462207
3053.58	0.19926
3054.87	-0.296367
3056.15	0.67983
3057.43	0.317892
3058.72	0.282252
3060	0.328012
3061.29	0.537532
3062.57	0.435356
3063.85	0.0224352
3065.13	0.522609
3066.42	0.711985
3067.7	0.073411
3068.98	0.0743561
3070.26	0.0613794
3071.54	-0.0206842
3072.82	0.0996943
3074.11	0.204812
3075.39	0.295033
3076.67	-0.0769682
3077.95	0.298506
3079.23	0.132421
3080.51	-0.05867
3081.79	0.430626
3083.07	0.175548
3084.35	0.192739
3085.63	-0.102088
3086.9	0.186103
3088.18	0.134089
3089.46	-0.0273819
3090.74	0.312701
3092.02	-0.270026
3093.29	0.0564976
3094.57	-0.159106
3095.85	0.249465
3097.13	-0.0333023
3098.4	-0.532842
3099.68	0.254971
3100.95	-0.000751495
3102.23	0.339658
3103.51	-0.0237045
3104.78	-0.196665
3106.06	0.0780468
3107.33	-0.119678
3108.61	0.347139
3109.88	0.11169
3111.16	0.148283
3112.43	0.334969
3113.71	0.264958
3114.98	0.41182
3116.25	0.449716
3117.53	-0.0153217
3118.8	0.291287
3120.07	0.352351
3121.35	0.466426
3122.62	0.159569
3123.89	0.475881
3125.16	0.413103
3126.44	-0.109135
3127.71	0.262765
3128.98	0.567545
3130.25	-0.100815
3131.52	-0.133297
3132.79	0.901619
3134.06	0.584642
3135.33	0.591309
3136.6	0.475824
3137.87	0.40034
3139.14	0.351492
3140.41	0.894786
3141.68	0.482507
3142.95	0.34014
3144.22	0.86998
3145.49	0.286444
3146.76	1.00507
3148.02	0.451035
3149.29	0.83573
