200.398	0.455055
202.213	0.40855
204.027	0.428143
205.843	0.378475
207.657	0.354168
209.47	-1.49498
211.283	-0.529629
213.097	0.137581
214.909	1.04155
216.721	-1.13687
218.533	1.38636
220.344	-0.351456
222.157	1.18195
223.967	0.638199
225.777	-0.168587
227.587	-0.757092
229.396	0.560764
231.205	0.137161
233.016	0.653149
234.824	1.53164
236.632	1.18528
238.439	2.19768
240.247	1.84713
242.053	2.03698
243.86	3.80122
245.666	3.51571
247.474	3.3439
249.279	4.80196
251.085	6.05225
252.889	4.7785
254.694	5.2583
256.498	6.67562
258.301	6.43253
260.105	6.51087
261.908	7.61048
263.71	5.46637
265.513	5.95361
267.315	5.88877
269.116	5.94321
270.918	5.39123
272.718	5.62943
274.519	4.14919
276.319	4.51782
278.119	5.50413
279.918	4.64947
281.718	5.03761
283.516	3.08334
285.315	2.59137
287.113	1.9286
288.911	2.20216
290.708	1.71199
292.505	1.73135
294.302	0.131359
296.098	0.787388
297.894	1.35242
299.69	0.844543
301.485	1.29187
303.278	1.25788
305.073	-0.0702705
306.867	0.816975
308.661	0.963223
310.454	0.277958
312.247	1.09928
314.04	-0.334248
315.833	1.95572
317.623	1.53993
319.415	0.369152
321.206	1.75346
322.997	0.0193672
324.788	1.48316
326.579	0.180054
328.367	1.76563
330.156	0.625179
331.946	-0.11488
333.735	0.16589
335.523	-0.759071
337.31	1.27309
339.098	-0.389206
340.885	-0.239994
342.673	-0.214066
344.458	0.0268364
346.244	0.317719
348.03	1.92524
349.816	0.717793
351.6	0.275295
353.385	0.618195
355.17	0.288445
356.953	0.477749
358.737	0.30331
360.521	0.0524292
362.304	0.725834
364.085	0.443829
365.868	-1.38523
367.65	0.298462
369.431	0.0308228
371.212	-0.382397
372.994	1.28426
374.773	1.1968
376.554	0.873775
378.332	0.601471
380.112	0.75819
381.892	1.43835
383.669	0.430668
385.448	0.747135
387.225	1.93917
389.003	2.57241
390.781	1.49622
392.557	3.64228
394.334	0.67218
396.109	2.14304
397.885	4.4135
399.66	3.72448
401.436	4.46638
403.211	4.14854
404.984	4.64941
406.759	5.66319
408.532	3.62177
410.306	5.03024
412.078	4.49092
413.851	3.97775
415.623	6.33148
417.395	6.34349
419.166	7.29836
420.938	6.14311
422.708	6.0432
424.477	7.53646
426.248	4.8464
428.017	4.82867
429.788	4.43309
431.556	4.15524
433.326	2.63552
435.093	4.07533
436.86	2.53492
438.629	1.8833
440.395	1.7883
442.163	0.674919
443.929	1.33395
445.694	0.694572
447.461	1.10346
449.226	0.200035
450.99	1.07455
452.756	0.291931
454.52	0.468605
456.285	-0.310444
458.048	-0.180244
459.811	-0.771065
461.573	-0.473854
463.337	0.434952
465.099	1.19273
466.86	-0.288662
468.623	-0.664295
470.384	-0.472073
472.144	0.259361
473.906	1.45422
475.666	-0.921772
477.425	0.441139
479.184	0.979839
480.944	0.418716
482.703	0.627274
484.461	0.935116
486.218	0.367939
487.975	0.207874
489.734	0.804794
491.491	0.451477
493.247	1.36313
495.003	0.2201
496.759	-0.831409
498.516	0.0119171
500.271	1.08948
502.025	1.25072
503.779	1.36112
505.533	0.0795517
507.287	1.65888
509.042	0.973656
510.795	1.64494
512.547	1.27317
514.299	1.62341
516.051	1.51976
517.803	1.97459
519.554	0.943127
521.305	2.30556
523.055	0.963688
524.805	1.92256
526.555	2.78674
528.307	2.71246
530.056	2.00542
531.805	2.07031
533.553	2.38876
535.301	2.2565
537.049	-0.336514
538.797	1.90122
540.544	1.74948
542.291	0.266289
544.037	1.5766
545.783	0.0256233
547.529	0.753975
549.275	1.34305
551.02	0.334396
552.765	1.01774
554.509	1.51602
556.253	0.745319
557.997	0.78553
559.738	0.321758
561.482	-0.1152
563.224	-0.341198
564.967	-0.356758
566.709	0.090641
568.451	0.0367775
570.192	-0.0572853
571.933	0.567177
573.674	-0.290844
575.415	-0.818321
577.153	0.292137
578.893	-0.632595
580.632	0.60508
582.371	0.742001
584.11	-0.111897
585.849	0.661469
587.587	0.692883
589.323	0.0970917
591.06	-0.158459
592.797	1.23991
594.534	-0.0772629
596.271	1.45885
598.005	0.349358
599.741	1.21677
601.476	-1.0945
603.211	0.452583
604.944	0.0603104
606.679	-0.843895
608.413	0.154785
610.147	-0.592674
611.878	-0.694389
613.611	1.40909
615.344	-0.771202
617.077	1.38147
618.807	0.804955
620.539	0.681236
622.27	0.619904
623.999	-0.61158
625.73	-0.699371
627.461	0.0858078
629.189	0.173058
630.919	0.957047
632.648	1.38696
634.376	0.24836
636.105	2.64632
637.833	2.41065
639.559	1.43061
641.287	2.46552
643.013	1.95893
644.74	1.355
646.467	1.29949
648.192	0.071907
649.918	1.40659
651.642	0.920761
653.368	0.773582
655.091	1.827
656.816	2.48497
658.538	1.66839
660.263	2.01192
661.987	1.84563
663.708	2.21555
665.432	2.80143
667.153	1.29639
668.875	3.83459
670.596	2.28242
672.318	1.97544
674.037	0.192818
675.759	0.137772
677.478	0.548332
679.196	0.662315
680.917	0.2659
682.635	0.250908
684.355	0.293938
686.072	1.24777
687.791	-1.14599
689.508	-1.24247
691.224	0.0625076
692.942	0.373703
694.658	1.14178
696.376	1.14451
698.091	1.16415
699.805	-0.111366
701.522	1.64399
703.236	0.082695
704.95	-0.768227
706.665	-0.0601349
708.379	-0.13485
710.093	-0.00538635
711.806	1.15234
713.518	-0.324089
715.23	0.0521164
716.943	0.427155
718.655	-1.15973
720.366	-0.577774
722.078	-0.588295
723.788	0.471008
725.498	-0.63179
727.208	0.696198
728.919	-0.204422
730.628	1.54696
732.337	0.0088501
734.045	1.75338
735.755	0.601234
737.463	2.14035
739.17	-0.471115
740.877	0.691162
742.584	0.303375
744.292	0.147835
745.998	0.539726
747.704	0.128448
749.409	1.70341
751.114	0.13575
752.819	-0.975594
754.526	-0.100883
756.23	0.466614
757.934	0.366798
759.637	0.567009
761.34	0.818275
763.043	1.43369
764.746	1.89079
766.448	1.10022
768.152	1.61066
769.853	1.77139
771.554	0.700546
773.255	1.68011
774.956	2.54382
776.656	1.82719
778.356	2.11174
780.056	1.95169
781.755	1.1412
783.454	2.86579
785.153	1.28094
786.851	1.67627
788.549	0.132133
790.247	1.0386
791.944	1.79451
793.641	2.11158
795.338	1.18551
797.034	1.21188
798.73	1.26867
800.426	0.41143
802.121	1.90183
803.817	0.965607
805.511	1.648
807.206	1.67407
808.9	0.795906
810.592	0.967766
812.286	1.42594
813.979	0.132629
815.672	1.5041
817.364	1.39655
819.057	1.87042
820.748	1.02665
822.44	1.61393
824.129	1.82517
825.82	1.68619
827.511	0.889473
829.201	2.02171
830.891	2.0108
832.581	0.744194
834.269	3.009
835.958	2.09211
837.646	1.39645
839.335	-0.154167
841.023	0.810165
842.709	1.34385
844.396	0.243561
846.084	1.02323
847.77	1.36461
849.455	0.129875
851.141	1.61487
852.827	0.915741
854.513	1.22969
856.196	0.420563
857.881	0.661034
859.566	1.38862
861.248	0.621994
862.932	0.724655
864.616	0.910889
866.297	1.20517
867.98	0.391159
869.663	-0.651215
871.343	-0.567757
873.026	0.394318
874.707	0.904816
876.387	0.467628
878.068	0.458969
879.747	-0.137131
881.428	0.00960541
883.108	0.333252
884.786	1.10291
886.465	1.12016
888.143	-0.15667
889.822	0.633934
891.498	0.852585
893.177	-0.174896
894.855	0.0756454
896.53	0.0729828
898.208	-0.0699463
899.883	0.410713
901.56	-0.772285
903.234	0.819473
904.91	1.31062
906.584	0.440033
908.26	1.33554
909.933	-0.349815
911.608	1.48757
913.28	-0.942299
914.955	-0.679352
916.627	0.781311
918.298	0.97541
919.972	0.947845
921.643	-1.24491
923.315	0.660561
924.986	-0.36647
926.656	0.935173
928.328	1.86904
929.997	1.63947
931.668	0.729446
933.337	0.174118
935.006	1.56074
936.676	1.20655
938.344	-0.0695038
940.012	1.1748
941.681	1.45495
943.348	0.6138
945.014	0.941307
946.683	0.711082
948.349	0.493385
950.015	-0.286148
951.682	0.538414
953.347	1.27416
955.012	2.08341
956.676	0.70179
958.343	1.54225
960.006	-0.183876
961.67	1.03368
963.333	-0.289352
964.998	0.522583
966.661	1.54252
968.323	0.467796
969.985	0.00107574
971.649	1.14398
973.31	0.718384
974.971	0.388657
976.632	0.709702
978.293	0.198189
979.953	0.829613
981.615	1.45929
983.274	0.964134
984.933	1.6981
986.592	1.24738
988.251	0.742691
989.909	2.75222
991.567	0.512367
993.225	1.49863
994.884	2.241
996.541	2.65221
998.198	2.77599
999.855	3.58129
1001.51	3.94276
1003.17	3.61887
1004.82	2.8535
1006.48	2.54974
1008.13	2.18095
1009.79	1.41924
1011.44	1.80111
1013.1	1.26434
1014.75	-0.277374
1016.4	1.33701
1018.06	1.00494
1019.71	0.721115
1021.36	1.99529
1023.01	2.37857
1024.66	1.69617
1026.32	1.89125
1027.97	2.06454
1029.62	2.67116
1031.27	3.40159
1032.92	3.7729
1034.57	3.08681
1036.22	3.59268
1037.87	3.83111
1039.52	2.43568
1041.16	3.48194
1042.81	4.29486
1044.46	3.59594
1046.11	5.21102
1047.76	6.11987
1049.4	5.56179
1051.05	7.22652
1052.7	7.35432
1054.34	7.70176
1055.99	6.68001
1057.63	6.76469
1059.28	6.32462
1060.92	4.42344
1062.57	4.5831
1064.21	3.1499
1065.85	2.21098
1067.5	2.37434
1069.14	1.01099
1070.78	1.49065
1072.43	0.0588074
1074.07	1.12569
1075.71	1.09114
1077.35	1.49771
1078.99	0.415054
1080.63	-0.121147
1082.27	1.01237
1083.91	1.51219
1085.55	0.376778
1087.19	1.26732
1088.83	0.845833
1090.47	1.1502
1092.11	0.0418015
1093.75	1.26484
1095.39	0.0695572
1097.03	1.27361
1098.66	1.10484
1100.3	0.687622
1101.94	1.72348
1103.57	2.03731
1105.21	0.551941
1106.84	0.360863
1108.48	0.834763
1110.11	-2.22361
1111.75	-0.453102
1113.38	-0.411842
1115.02	0.308899
1116.65	-0.669685
1118.29	-0.0817795
1119.92	0.380417
1121.55	0.89061
1123.19	0.25045
1124.82	0.878876
1126.45	1.12685
1128.08	0.502296
1129.71	1.20777
1131.34	0.0349045
1132.97	1.38663
1134.6	-0.768311
1136.23	0.172836
1137.86	1.10745
1139.49	0.389824
1141.12	0.648834
1142.75	0.242722
1144.38	-0.887474
1146.01	0.310715
1147.64	2.34465
1149.26	0.760643
1150.89	0.756424
1152.52	0.858925
1154.15	0.916611
1155.77	0.354713
1157.4	1.005
1159.02	2.40112
1160.65	0.973419
1162.27	-0.0645676
1163.9	0.11541
1165.52	1
1167.15	-0.604279
1168.77	0.698174
1170.39	0.0985184
1172.02	-0.235847
1173.64	0.141495
1175.26	1.99587
1176.89	1.53309
1178.51	0.648491
1180.13	1.42022
1181.75	1.07502
1183.37	0.649704
1184.99	0.94352
1186.61	0.577065
1188.23	1.93162
1189.85	1.45898
1191.47	0.76506
1193.09	1.5772
1194.71	2.23503
1196.33	3.75043
1197.94	1.43544
1199.56	1.20699
1201.18	3.87645
1202.8	2.61193
1204.41	3.49373
1206.03	3.01122
1207.65	3.37195
1209.26	2.46219
1210.88	3.73786
1212.49	4.08504
1214.11	4.08456
1215.72	3.61177
1217.34	4.54281
1218.95	3.55334
1220.57	5.2636
1222.18	4.56879
1223.79	4.31819
1225.41	3.68408
1227.02	4.65372
1228.63	4.96938
1230.24	4.09365
1231.85	4.15623
1233.47	5.34248
1235.08	6.16454
1236.69	5.25823
1238.3	5.53672
1239.91	5.28218
1241.52	5.93896
1243.13	6.57349
1244.74	6.52058
1246.34	6.68892
1247.95	6.20915
1249.56	5.3521
1251.17	4.49319
1252.78	6.11797
1254.38	5.1202
1255.99	5.92883
1257.6	5.50437
1259.2	5.99783
1260.81	5.6901
1262.42	6.02736
1264.02	6.38598
1265.63	4.81526
1267.23	7.73722
1268.84	6.79823
1270.44	7.38665
1272.04	6.59986
1273.65	6.49066
1275.25	7.45311
1276.85	6.37811
1278.46	5.98211
1280.06	6.94903
1281.66	7.51998
1283.26	6.1463
1284.86	7.631
1286.46	6.16438
1288.07	7.90884
1289.67	7.48898
1291.27	6.94894
1292.87	8.35077
1294.47	8.07429
1296.06	9.21478
1297.66	7.76328
1299.26	8.86055
1300.86	7.55495
1302.46	8.8385
1304.06	9.33128
1305.65	10.0651
1307.25	8.65778
1308.85	10.0007
1310.44	10.07
1312.04	10.1416
1313.64	8.82756
1315.23	9.58632
1316.83	10.8201
1318.42	10.689
1320.02	11.149
1321.61	10.1354
1323.2	9.41882
1324.8	9.07807
1326.39	10.6777
1327.99	11.4984
1329.58	8.95962
1331.17	11.9384
1332.76	10.5421
1334.36	10.7587
1335.95	11.2491
1337.54	11.9246
1339.13	11.4061
1340.72	10.3332
1342.31	10.314
1343.9	10.5426
1345.49	10.4012
1347.08	9.25809
1348.67	9.55114
1350.26	11.5415
1351.85	9.32701
1353.43	10.448
1355.02	9.91895
1356.61	8.9735
1358.2	10.403
1359.78	10.4276
1361.37	9.786
1362.96	8.34127
1364.54	9.60722
1366.13	9.25945
1367.71	9.79387
1369.3	11.5107
1370.88	9.07741
1372.47	8.92329
1374.05	9.19504
1375.64	8.85503
1377.22	7.97876
1378.8	9.14896
1380.39	9.11856
1381.97	9.37762
1383.55	7.73851
1385.13	8.47917
1386.72	9.514
1388.3	8.66242
1389.88	8.76896
1391.46	7.27466
1393.04	7.83024
1394.62	7.79353
1396.2	8.72755
1397.78	7.83278
1399.36	8.93327
1400.94	7.17417
1402.52	8.69892
1404.1	8.10497
1405.68	7.98988
1407.25	7.50546
1408.83	8.23278
1410.41	8.35123
1411.98	6.65302
1413.56	7.57761
1415.14	9.89638
1416.71	7.63182
1418.29	9.24986
1419.87	8.32723
1421.44	7.17663
1423.02	7.396
1424.59	7.88268
1426.16	6.58735
1427.74	7.16596
1429.31	8.23531
1430.89	7.78326
1432.46	8.30759
1434.03	9.21864
1435.6	9.41809
1437.18	9.97281
1438.75	10.2573
1440.32	9.92007
1441.89	10.5529
1443.46	10.9551
1445.03	9.11999
1446.6	9.78233
1448.17	12.1759
1449.74	10.3062
1451.31	10.4056
1452.88	9.95848
1454.45	10.6748
1456.02	9.69942
1457.59	10.1366
1459.16	10.4081
1460.72	6.65342
1462.29	9.20313
1463.86	8.08224
1465.43	7.81976
1466.99	8.49806
1468.56	7.45042
1470.13	7.50902
1471.69	6.2612
1473.26	6.11983
1474.82	6.74892
1476.38	5.75375
1477.95	5.54398
1479.51	6.33389
1481.08	5.37883
1482.64	4.83534
1484.2	6.38793
1485.77	4.97984
1487.33	4.95827
1488.89	5.78967
1490.46	4.35798
1492.02	4.08715
1493.58	5.11102
1495.14	4.38446
1496.7	6.28269
1498.26	5.275
1499.82	3.30206
1501.38	3.84529
1502.94	3.46483
1504.5	5.95889
1506.06	3.49514
1507.62	4.10715
1509.18	4.34432
1510.73	6.13656
1512.29	5.47087
1513.85	4.61208
1515.41	5.0061
1516.96	4.0213
1518.52	6.05486
1520.08	5.73254
1521.63	5.47002
1523.19	5.51222
1524.75	5.3392
1526.3	7.08594
1527.85	5.8704
1529.41	5.31988
1530.96	5.07489
1532.52	5.55458
1534.07	5.81229
1535.62	6.00116
1537.18	6.5743
1538.73	5.62271
1540.28	5.20393
1541.84	6.82172
1543.39	6.10236
1544.94	6.1541
1546.49	6.18588
1548.04	8.26199
1549.59	7.35342
1551.14	6.59818
1552.69	8.03693
1554.25	6.93784
1555.79	7.28857
1557.34	7.222
1558.89	8.17695
1560.44	7.16757
1561.99	9.30398
1563.54	8.01619
1565.08	8.5985
1566.63	8.58495
1568.18	8.43952
1569.73	8.81441
1571.27	9.11231
1572.82	9.52054
1574.37	9.72269
1575.91	8.97328
1577.46	8.93499
1579	10.2067
1580.55	8.62654
1582.09	9.94633
1583.64	9.10596
1585.18	9.0929
1586.73	10.9346
1588.27	9.69305
1589.81	9.4786
1591.35	9.63567
1592.9	9.95841
1594.44	9.79257
1595.98	9.87072
1597.52	9.952
1599.06	10.5258
1600.61	11.0116
1602.15	11.8394
1603.69	9.90797
1605.23	10.4879
1606.77	11.266
1608.31	10.3396
1609.85	10.4688
1611.39	9.17282
1612.93	10.0054
1614.46	9.57084
1616	8.51489
1617.54	8.28831
1619.08	7.86401
1620.61	8.33075
1622.15	7.49626
1623.69	6.20016
1625.23	7.82529
1626.76	5.98306
1628.3	6.77173
1629.83	7.34519
1631.37	4.69671
1632.9	5.76593
1634.44	5.88395
1635.97	6.10062
1637.51	5.22314
1639.04	5.00338
1640.57	5.4182
1642.11	4.50661
1643.64	4.98583
1645.17	5.08498
1646.71	5.60613
1648.24	4.67542
1649.77	5.17837
1651.3	4.55514
1652.83	5.44318
1654.36	4.29862
1655.89	6.32881
1657.42	3.63294
1658.96	4.76872
1660.48	3.84099
1662.01	3.47916
1663.54	4.68225
1665.07	2.94334
1666.6	3.60876
1668.13	3.91129
1669.66	4.46267
1671.19	2.60951
1672.71	3.45415
1674.24	2.75489
1675.77	4.68777
1677.29	3.57824
1678.82	3.23594
1680.35	3.75188
1681.87	2.82959
1683.4	1.85153
1684.92	1.99488
1686.45	2.08543
1687.97	1.18925
1689.5	2.03717
1691.02	1.62274
1692.54	1.61226
1694.07	1.69322
1695.59	0.000114441
1697.11	0.792633
1698.64	0.66951
1700.16	0.507774
1701.68	0.471176
1703.2	-0.771339
1704.72	0.716675
1706.25	0.90799
1707.77	0.18853
1709.29	0.269402
1710.81	1.11314
1712.33	-0.092041
1713.85	0.0287094
1715.37	0.602715
1716.89	-0.0542221
1718.41	-0.276779
1719.92	-0.426735
1721.44	-0.701385
1722.96	0.217926
1724.48	-0.281006
1725.99	0.0211411
1727.51	0.421394
1729.03	0.431938
1730.55	-0.225899
1732.06	0.589386
1733.58	0.474899
1735.09	-0.708809
1736.61	0.018013
1738.13	0.873817
1739.64	0.709229
1741.15	0.67382
1742.67	-0.459419
1744.18	1.23556
1745.7	0.911781
1747.21	0.430367
1748.72	0.589905
1750.24	1.32923
1751.75	0.823845
1753.26	1.35882
1754.77	0.744057
1756.29	0.910057
1757.8	0.956139
1759.31	1.72863
1760.82	1.93745
1762.33	1.13949
1763.84	1.31662
1765.35	0.740005
1766.86	2.01766
1768.37	1.91931
1769.88	1.25699
1771.39	1.86704
1772.9	1.81068
1774.4	1.56328
1775.91	2.4392
1777.42	1.37605
1778.93	1.23621
1780.44	1.59365
1781.94	2.81409
1783.45	2.64665
1784.96	1.84531
1786.46	1.48812
1787.97	1.6937
1789.47	1.91283
1790.98	2.26888
1792.48	2.92023
1793.99	1.78594
1795.49	2.94626
1797	2.61481
1798.5	1.59172
1800.01	2.23286
1801.51	2.21347
1803.01	1.54105
1804.51	3.00468
1806.02	1.60065
1807.52	2.01333
1809.02	1.85271
1810.52	1.38142
1812.02	2.28904
1813.52	2.58079
1815.02	1.82242
1816.53	2.23666
1818.03	1.24967
1819.52	1.73911
1821.02	2.69122
1822.52	1.71307
1824.02	1.75632
1825.52	1.53748
1827.02	2.37984
1828.52	2.32544
1830.02	1.12569
1831.51	2.45385
1833.01	1.81665
1834.51	2.03425
1836.01	1.91788
1837.5	1.06956
1839	1.98019
1840.49	1.72997
1841.99	2.37706
1843.49	1.81841
1844.98	1.72709
1846.48	1.90161
1847.97	1.84692
1849.47	1.9105
1850.96	2.35485
1852.45	1.28613
1853.95	2.01437
1855.44	2.00629
1856.93	1.66096
1858.42	0.618698
1859.92	2.46739
1861.41	1.57713
1862.9	2.96297
1864.39	1.68008
1865.88	1.65924
1867.38	1.80795
1868.87	1.89027
1870.36	0.828102
1871.85	1.40142
1873.34	0.914658
1874.83	0.347626
1876.32	1.11368
1877.81	0.81694
1879.29	0.851982
1880.78	-0.398964
1882.27	0.452919
1882.53	0.662659
1884.03	1.17964
1885.52	1.77548
1887.01	1.71748
1888.51	0.105278
1890	0.35865
1891.5	0.552666
1892.99	0.433014
1894.48	0.228142
1895.97	1.50001
1897.47	0.88559
1898.96	0.791832
1900.45	1.62721
1901.94	0.619431
1903.43	0.985222
1904.92	0.553764
1906.41	0.149567
1907.9	0.857109
1909.39	2.33422
1910.88	0.870529
1912.37	0.614212
1913.86	1.57816
1915.35	0.0805359
1916.84	-0.0500488
1918.33	0.0221176
1919.81	1.04284
1921.3	-0.293457
1922.79	-0.0660477
1924.28	-1.02409
1925.76	1.76914
1927.25	-0.0486603
1928.73	0.183159
1930.22	0.259026
1931.71	0.984886
1933.19	-0.17411
1934.68	-0.41581
1936.16	0.986687
1937.65	0.646469
1939.13	0.906883
1940.62	0.186005
1942.1	-1.26713
1943.58	-0.0859451
1945.07	-0.241669
1946.55	0.210098
1948.03	0.676636
1949.51	0.808014
1951	0.602036
1952.48	-0.129288
1953.96	0.510269
1955.44	-0.913666
1956.92	0.0897064
1958.4	-0.0336304
1959.88	0.537056
1961.36	-0.99604
1962.84	1.41654
1964.32	1.22118
1965.8	-0.554497
1967.28	0.608604
1968.76	0.0703735
1970.24	0.449928
1971.72	-0.215485
1973.2	-0.402451
1974.67	-0.24688
1976.15	1.23985
1977.63	-0.44149
1979.1	-0.553467
1980.58	-0.359253
1982.06	-0.625877
1983.54	-0.555321
1985.01	0.666092
1986.49	-1.5258
1987.96	0.403755
1989.44	0.386383
1990.91	0.816109
1992.39	0.646271
1993.86	-0.00312805
1995.33	0.336739
1996.81	0.0896759
1998.28	-0.275681
1999.75	0.0977707
2001.23	-0.243927
2002.7	0.455498
2004.17	1.89468
2005.65	0.303123
2007.12	1.98835
2008.59	1.12295
2010.06	1.46234
2011.53	0.713097
2013	-0.27095
2014.47	1.06337
2015.94	0.706894
2017.41	1.26637
2018.88	1.09412
2020.35	0.53006
2021.82	0.552994
2023.29	0.0422592
2024.76	1.45291
2026.23	0.124077
2027.69	1.72884
2029.16	0.464226
2030.63	0.00143433
2032.1	0.0183411
2033.56	0.745224
2035.03	1.43907
2036.5	1.37347
2037.96	2.59628
2039.43	0.807289
2040.89	0.0423889
2042.36	0.155518
2043.83	0.696838
2045.29	0.76001
2046.75	1.30233
2048.22	0.63562
2049.68	1.06052
2051.15	1.00331
2052.61	0.137733
2054.07	0.821922
2055.54	0.611435
2057	-0.826622
2058.46	-0.805626
2059.92	1.4709
2061.39	0.75293
2062.85	0.414116
2064.31	0.708443
2065.77	1.24862
2067.23	0.467903
2068.69	-0.0544128
2070.15	1.00873
2071.61	-0.688255
2073.07	1.28354
2074.53	1.80497
2075.99	1.46421
2077.45	0.193527
2078.91	1.42801
2080.37	2.60725
2081.82	1.77699
2083.28	1.04124
2084.74	0.399353
2086.2	0.221519
2087.65	-0.349083
2089.11	-0.805618
2090.57	1.13827
2092.02	1.55166
2093.48	1.19189
2094.94	0.561584
2096.39	1.18407
2097.85	-0.696419
2099.3	0.75
2100.76	-0.350777
2102.21	0.323624
2103.66	0.437599
2105.12	-0.687408
2106.57	0.704788
2108.03	0.855705
2109.48	0.826508
2110.93	0.14183
2112.38	1.0442
2113.84	0.130188
2115.29	0.383034
2116.74	0.759567
2118.19	0.191841
2119.64	-1.24149
2121.09	2.1068
2122.54	2.05543
2123.99	0.211136
2125.45	-0.963158
2126.89	0.231071
2128.34	-0.126434
2129.79	0.828438
2131.24	1.48818
2132.69	-0.0455322
2134.14	0.341171
2135.59	1.01623
2137.04	2.4158
2138.48	1.05658
2139.93	-0.449402
2141.38	0.489906
2142.83	0.1017
2144.27	0.811272
2145.72	0.115921
2147.17	-0.20208
2148.61	1.11329
2150.06	-0.163391
2151.5	1.36666
2152.95	0.849342
2154.39	0.62233
2155.84	0.308067
2157.28	1.07132
2158.73	0.979897
2160.17	1.36495
2161.61	2.4794
2163.06	-0.184212
2164.5	1.21134
2165.94	1.22228
2167.38	1.38178
2168.83	0.218117
2170.27	0.383621
2171.71	1.74362
2173.15	0.190826
2174.59	1.00378
2176.03	1.89407
2177.47	1.23952
2178.91	-1.30299
2180.36	0.552887
2181.8	-0.392868
2183.23	-0.219315
2184.67	1.28752
2186.11	1.19852
2187.55	0.244324
2188.99	1.1208
2190.43	2.11391
2191.87	1.22343
2193.3	-0.0907059
2194.74	0.996803
2196.18	0.901505
2197.62	0.188339
2199.05	1.42163
2200.49	0.117798
2201.93	0.557625
2203.36	1.53387
2204.8	0.678864
2206.23	0.381401
2207.67	0.668999
2209.1	1.91499
2210.54	2.72182
2211.97	-0.352646
2213.41	1.80942
2214.84	1.5226
2216.27	1.85262
2217.71	0.378456
2219.14	1.34165
2220.57	1.52108
2222.01	0.597359
2223.44	0.837021
2224.87	2.05099
2226.3	1.10744
2227.73	0.247833
2229.16	0.970337
2230.6	2.91402
2232.03	0.770874
2233.46	2.56351
2234.89	0.56617
2236.32	0.266655
2237.75	2.12147
2239.18	1.56139
2240.61	0.417862
2242.03	1.86913
2243.46	2.09288
2244.89	1.01512
2246.32	1.20311
2247.75	1.37541
2249.17	1.9013
2250.6	1.81805
2252.03	1.45705
2253.46	0.356499
2254.88	1.87648
2256.31	1.76848
2257.73	0.612839
2259.16	-0.027565
2260.59	1.74543
2262.01	1.01115
2263.44	1.52607
2264.86	0.890549
2266.29	1.11239
2267.71	1.26147
2269.14	-0.795509
2270.56	0.931252
2271.98	-0.26078
2273.4	0.51545
2274.83	1.09732
2276.25	1.04579
2277.67	2.6583
2279.09	0.115059
2280.52	0.537666
2281.94	1.44839
2283.36	0.417084
2284.78	0.691048
2286.2	-0.28968
2287.62	2.61852
2289.04	1.00854
2290.46	0.839081
2291.88	1.47312
2293.3	1.11115
2294.72	1.22302
2296.14	1.66136
2297.56	-0.209518
2298.98	1.45699
2300.4	1.11082
2301.82	0.422539
2303.23	0.589371
2304.65	0.90551
2306.07	1.23752
2307.49	-1.30915
2308.9	1.13367
2310.32	1.69786
2311.73	0.136345
2313.15	1.05799
2314.57	0.0911942
2315.98	1.78185
2317.4	1.12574
2318.81	1.42933
2320.23	1.36791
2321.64	1.93889
2323.06	0.263237
2324.47	1.58449
2325.88	-0.0539703
2327.3	1.11214
2328.71	1.36293
2330.12	-0.82254
2331.54	-0.149155
2332.95	0.978836
2334.36	-0.880157
2335.77	0.521172
2337.18	-0.122093
2338.6	-0.478699
2340.01	-0.0576096
2341.42	-0.664566
2342.83	-0.15992
2344.24	0.0155869
2345.65	0.0951004
2347.06	-0.248672
2348.47	-0.149918
2349.88	-0.49688
2351.29	2.18929
2352.7	-0.528542
2354.1	0.17569
2355.51	2.0451
2356.92	-1.69402
2358.33	-0.0419846
2359.74	0.535278
2361.14	1.17701
2362.55	0.76326
2363.96	-0.104347
2365.36	-0.0162048
2366.77	-0.427567
2368.18	-0.138115
2369.58	0.418922
2370.99	0.988052
2372.39	0.184082
2373.8	1.03324
2375.2	-0.191093
2376.61	0.174652
2378.01	-0.258682
2379.42	-0.0158539
2380.82	-0.560532
2382.22	0.0523529
2383.63	-0.434143
2385.03	1.50927
2386.43	1.44689
2387.84	1.39349
2389.24	-0.601158
2390.64	0.622086
2392.04	0.661026
2393.44	-0.404015
2394.84	0.210037
2396.25	1.49813
2397.65	-0.196312
2399.05	-0.215889
2400.45	0.261757
2401.85	0.567528
2403.25	0.79409
2404.65	-1.04738
2406.05	1.84964
2407.45	0.800163
2408.84	1.28197
2410.24	0.856331
2411.64	0.639175
2413.04	-0.26664
2414.44	0.37632
2415.83	0.289429
2417.23	0.0098114
2418.63	1.13242
2420.02	-0.8293
2421.42	0.723488
2422.82	0.451302
2424.21	-0.0456772
2425.61	-0.209496
2427	0.313164
2428.4	-0.582367
2429.8	0.0374908
2431.19	2.04501
2432.58	1.96035
2433.98	0.393364
2435.37	0.624969
2436.77	0.460541
2438.16	0.662209
2439.55	-0.149918
2440.95	-0.605515
2442.34	-0.177307
2443.73	-0.720306
2445.12	-0.0116577
2446.51	-0.589493
2447.91	0.226303
2449.3	0.930244
2450.69	-0.18512
2452.08	0.177521
2453.47	-0.0221024
2454.86	0.498657
2456.25	0.17189
2457.64	0.512581
2459.03	0.0765686
2460.42	-0.270218
2461.81	0.21302
2463.2	-0.68705
2464.59	-0.249397
2465.98	-0.0362778
2467.36	-0.676788
2468.75	0.544464
2470.14	0.311577
2471.53	-0.41433
2472.92	0.36602
2474.3	-0.672722
2475.69	0.879021
2477.08	0.774155
2478.46	-0.681732
2479.85	0.251419
2481.23	1.56099
2482.62	-0.344048
2484	-0.403587
2485.39	-0.0182571
2486.77	0.0581284
2488.16	0.0297089
2489.54	-0.177574
2490.93	0.734673
2492.31	-0.495392
2493.69	-0.050705
2495.08	0.111565
2496.46	0.487488
2497.84	0.127853
2499.23	-0.460854
2500.61	-0.00037384
2501.99	0.173401
2503.37	-1.19159
2504.75	0.506691
2506.13	0.346138
2507.52	-1.41723
2508.9	0.345009
2510.28	0.602638
2511.66	-0.146507
2513.04	2.14848
2514.42	-0.529442
2515.8	-0.133636
2517.18	0.131607
2518.55	1.19695
2519.93	-0.166771
2521.31	0.423141
2522.69	-0.383209
2524.07	0.541908
2525.45	-0.690422
2526.82	0.421562
2528.2	0.485886
2529.58	1.04765
2530.95	1.85272
2532.33	0.88134
2533.71	1.36739
2535.08	1.05542
2536.46	1.30511
2537.84	0.682167
2539.21	2.6013
2540.59	0.59375
2541.96	1.13366
2543.34	1.22079
2544.71	0.891747
2546.08	0.666176
2547.46	0.179893
2548.83	0.748894
2550.2	0.86348
2551.58	1.21614
2552.95	1.48376
2554.32	1.90774
2555.7	0.835648
2557.07	1.89706
2558.44	2.38038
2559.81	1.72922
2561.18	0.235039
2562.55	0.551117
2563.93	0.191147
2565.3	1.98735
2566.67	0.815933
2568.04	1.5246
2569.41	0.066185
2570.78	0.805328
2572.15	1.46923
2573.51	0.542427
2574.88	-0.641228
2576.25	0.570709
2577.62	0.660118
2578.99	1.65709
2580.36	2.5293
2581.73	-0.742096
2583.09	0.774246
2584.46	0.999359
2585.83	1.25428
2587.19	0.979874
2588.56	1.75325
2589.93	0.997047
2591.29	1.63387
2592.66	2.20528
2594.02	1.60182
2595.39	0.836884
2596.75	0.470863
2598.12	0.475433
2599.48	0.340157
2600.85	0.629242
2602.21	0.57576
2603.58	0.529144
2604.94	0.548645
2606.3	0.464584
2607.67	2.74469
2609.03	1.4724
2610.39	0.53566
2611.76	1.39289
2613.12	1.15429
2614.48	2.21513
2615.84	0.555168
2617.2	0.429977
2618.56	0.610764
2619.92	0.140755
2621.28	0.277077
2622.65	0.000175476
2624.01	-0.0350189
2625.37	1.01871
2626.72	0.696594
2628.08	1.50411
2629.44	0.118614
2630.8	1.57487
2632.16	0.812767
2633.52	1.46262
2634.88	1.48784
2636.24	1.54244
2637.59	1.35982
2638.95	2.02203
2640.31	0.820778
2641.67	-0.2724
2643.02	1.93329
2644.38	1.08184
2645.74	1.2193
2647.09	0.644943
2648.45	0.256035
2649.8	0.418846
2651.16	0.603897
2652.51	2.07785
2653.87	0.206238
2655.22	1.36529
2656.58	0.117157
2657.93	1.00488
2659.29	1.47659
2660.64	1.22104
2661.99	1.66589
2663.35	0.921196
2664.7	2.72359
2666.05	-0.501595
2667.41	-0.155952
2668.76	0.858124
2670.11	-0.221687
2671.46	0.0868073
2672.81	0.503128
2674.16	1.69509
2675.51	2.10809
2676.87	0.814728
2678.22	-0.180702
2679.57	0.355499
2680.92	0.902245
2682.27	0.968323
2683.62	1.06121
2684.97	0.134178
2686.31	1.93933
2687.66	1.11702
2689.01	0.93576
2690.36	-0.598068
2691.71	0.82576
2693.06	2.84273
2694.4	1.07783
2695.75	2.15476
2697.1	2.23819
2698.45	3.76402
2699.79	1.27016
2701.14	1.31398
2702.49	-0.23455
2703.83	0.342255
2705.18	0.54808
2706.52	1.6541
2707.87	0.973694
2709.21	1.23248
2710.56	1.34254
2711.9	1.23215
2713.25	0.771767
2714.59	1.93855
2715.94	1.82611
2717.28	1.34874
2718.62	0.970482
2719.97	0.923218
2721.31	-0.510986
2722.65	2.24152
2723.99	0.681328
2725.34	1.59129
2726.68	1.2895
2728.02	1.6396
2729.36	1.17247
2730.7	1.72269
2732.04	1.42881
2733.39	1.61617
2734.73	1.45634
2736.07	1.35701
2737.41	0.342987
2738.75	0.885185
2740.08	1.7449
2741.43	0.767784
2742.76	1.31104
2744.1	1.99246
2745.44	0.967529
2746.78	0.955734
2748.12	0.492294
2749.46	1.03102
2750.79	0.933372
2752.13	0.780617
2753.47	0.181274
2754.81	0.830284
2756.14	-0.373451
2757.48	0.771065
2758.81	1.96124
2760.15	0.651245
2761.49	1.21362
2762.82	0.247131
2764.16	0.977051
2765.49	2.30021
2766.83	-0.345245
2768.16	0.414574
2769.5	1.40701
2770.83	0.0717087
2772.16	0.558563
2773.5	1.14983
2774.83	1.30224
2776.17	0.618736
2777.5	2.07029
2778.83	0.361778
2780.16	1.23351
2781.5	-0.577835
2782.83	0.900742
2784.16	-1.3948
2785.49	-0.0182953
2786.82	0.857224
2788.15	-0.0379562
2789.49	0.606842
2790.82	1.00301
2792.15	0.663612
2793.48	-0.285385
2794.81	-0.0899887
2796.14	-1.02658
2797.46	0.688919
2798.79	-0.100922
2800.12	0.11911
2801.45	-0.376801
2802.78	0.0100632
2804.11	1.53415
2805.44	0.816223
2806.76	-0.632629
2808.09	1.04342
2809.42	-0.143639
2810.75	-0.46209
2812.07	0.00671387
2813.4	0.699341
2814.73	-0.039856
2816.05	0.540169
2817.38	-0.0731659
2818.7	0.595268
2820.03	0.0167389
2821.36	0.170982
2822.68	-0.46064
2824.01	-0.658852
2825.33	-0.491875
2826.65	0.312889
2827.98	1.12275
2829.3	0.239433
2830.63	0.564445
2831.95	1.18903
2833.27	0.921448
2834.6	0.905731
2835.92	2.72514
2837.24	2.03435
2838.56	2.35828
2839.88	1.80344
2841.21	2.77705
2842.53	3.18913
2843.85	2.97162
2845.17	4.10397
2846.49	3.50422
2847.81	4.915
2849.13	4.05079
2850.45	5.57256
2851.77	5.6341
2853.09	4.68758
2854.41	5.74442
2855.73	5.85629
2857.05	5.71949
2858.37	7.1862
2859.69	4.99323
2861	6.49906
2862.32	7.95923
2863.64	6.08466
2864.96	8.25848
2866.28	7.8638
2867.59	8.02184
2868.91	8.22633
2870.23	7.53245
2871.54	7.55923
2872.86	8.13353
2874.17	8.91257
2875.49	8.61165
2876.81	8.4424
2878.12	8.37905
2879.44	8.21507
2880.75	8.54617
2882.07	6.52388
2883.38	8.90821
2884.69	8.85656
2886.01	6.56417
2887.32	9.36829
2888.63	9.1367
2889.95	8.05717
2891.26	7.84081
2892.57	10.3106
2893.89	9.65307
2895.2	10.7217
2896.51	8.98326
2897.82	8.55627
2899.13	8.85179
2900.44	9.5037
2901.76	10.0477
2903.07	9.26467
2904.38	11.1546
2905.69	11.1447
2907	11.811
2908.31	12.1345
2909.62	11.5418
2910.93	11.5972
2912.24	12.0168
2913.55	13.2845
2914.85	12.6373
2916.16	12.7747
2917.47	13.3756
2918.78	13.5207
2920.09	14.0004
2921.4	13.0452
2922.7	14.3507
2924.01	12.9133
2925.32	15.9579
2926.62	14.7441
2927.93	14.3974
2929.24	15.0265
2930.54	15.4838
2931.85	15.1268
2933.15	13.7476
2934.46	15.8069
2935.76	14.6945
2937.07	15.2187
2938.37	14.9338
2939.68	13.6732
2940.98	12.6681
2942.29	13.3604
2943.59	11.9655
2944.89	10.7761
2946.2	11.4129
2947.5	11.789
2948.8	11.114
2950.11	9.86991
2951.41	10.3904
2952.71	8.04021
2954.01	9.41823
2955.32	9.86909
2956.62	9.34692
2957.92	10.6181
2959.22	8.69056
2960.52	10.1029
2961.82	8.51889
2963.12	8.8747
2964.42	9.18457
2965.72	8.12118
2967.02	8.49134
2968.32	8.65468
2969.62	6.29499
2970.92	6.64786
2972.22	6.9751
2973.51	6.43275
2974.81	7.10065
2976.11	7.4259
2977.41	6.93831
2978.71	6.00034
2980	6.2028
2981.3	5.17015
2982.6	5.91998
2983.9	4.33813
2985.19	4.76212
2986.49	4.55202
2987.78	3.32828
2989.08	4.23479
2990.38	2.83884
2991.67	2.91435
2992.97	3.03719
2994.26	4.06231
2995.56	2.5347
2996.85	2.34963
2998.14	3.79057
2999.44	1.19246
3000.73	2.77941
3002.03	1.41279
3003.32	0.414864
3004.61	0.805222
3005.91	2.2151
3007.2	1.40649
3008.49	1.51435
3009.78	0.509216
3011.07	0.378693
3012.37	0.816772
3013.66	0.905128
3014.95	0.397545
3016.24	1.67999
3017.53	-0.540779
3018.82	-0.597801
3020.11	0.110657
3021.4	0.077301
3022.69	0.438736
3023.98	-1.01379
3025.27	-0.710228
3026.56	1.26627
3027.85	-0.686523
3029.14	-0.123436
3030.43	-0.113953
3031.71	0.0332565
3033	0.286629
3034.29	-0.740982
3035.58	0.765236
3036.87	-0.706902
3038.15	0.451126
3039.44	-0.310127
3040.73	-0.356216
3042.01	0.796707
3043.3	0.91758
3044.59	0.0466995
3045.87	-0.574547
3047.16	0.95649
3048.44	0.186226
3049.73	-0.645584
3051.01	-0.0570145
3052.3	0.920708
3053.58	0.806541
3054.87	0.385872
3056.15	1.10069
3057.43	1.3408
3058.72	0.0195541
3060	0.180977
3061.29	0.767006
3062.57	0.531441
3063.85	-0.235435
3065.13	0.126656
3066.42	0.650848
3067.7	0.313911
3068.98	0.29277
3070.26	0.200584
3071.54	-0.185684
3072.82	-0.148529
3074.11	-0.286621
3075.39	0.0688095
3076.67	0.8955
3077.95	0.625183
3079.23	0.744583
3080.51	0.796074
3081.79	1.09251
3083.07	0.572578
3084.35	-0.33506
3085.63	0.996246
3086.9	0.816414
3088.18	2.02724
3089.46	1.20833
3090.74	-0.212486
3092.02	1.17347
3093.29	0.999763
3094.57	1.01812
3095.85	1.05192
3097.13	0.299576
3098.4	1.85024
3099.68	1.69084
3100.95	1.90918
3102.23	0.976105
3103.51	0.803543
3104.78	0.716362
3106.06	3.11203
3107.33	1.82093
3108.61	0.999092
3109.88	0.836136
3111.16	2.08979
3112.43	1.64415
3113.71	0.889694
3114.98	1.39434
3116.25	1.1346
3117.53	2.15415
3118.8	1.29063
3120.07	2.08394
3121.35	2.44669
3122.62	1.4473
3123.89	2.84349
3125.16	2.08636
3126.44	3.0248
3127.71	2.91177
3128.98	2.76228
3130.25	3.12905
3131.52	2.69799
3132.79	2.58917
3134.06	3.08355
3135.33	3.4903
3136.6	3.17474
3137.87	2.44908
3139.14	3.87506
3140.41	2.7924
3141.68	2.07397
3142.95	3.56192
3144.22	3.29214
3145.49	2.97369
3146.76	3.63965
3148.02	2.94343
3149.29	4.09999
