200.398	0.667933
202.213	0.67322
204.027	0.68153
205.843	0.0593147
207.657	1.04301
209.47	0.761894
211.283	0.431259
213.097	-0.3617
214.909	-0.111814
216.721	0.428036
218.533	-0.19507
220.344	0.732878
222.157	-0.733365
223.967	-0.165594
225.777	0.161135
227.587	-0.188349
229.396	0.114222
231.205	0.0540085
233.016	1.10339
234.824	0.922827
236.632	0.334759
238.439	0.401018
240.247	1.12207
242.053	0.955082
243.86	1.82768
245.666	1.27747
247.474	2.19757
249.279	2.51042
251.085	2.35969
252.889	2.10819
254.694	2.48144
256.498	2.8779
258.301	2.33569
260.105	2.68824
261.908	2.00832
263.71	2.00599
265.513	1.37924
267.315	2.65703
269.116	1.83797
270.918	2.63289
272.718	1.28045
274.519	0.938639
276.319	0.835676
278.119	1.21212
279.918	0.381065
281.718	1.16075
283.516	1.59983
285.315	1.74768
287.113	0.646023
288.911	1.17717
290.708	0.55876
292.505	0.613735
294.302	0.168837
296.098	1.08961
297.894	-0.330687
299.69	0.592359
301.485	0.702681
303.278	0.429813
305.073	1.0385
306.867	-0.0482178
308.661	-0.108938
310.454	0.0695572
312.247	0.892818
314.04	0.956292
315.833	0.379866
317.623	0.25868
319.415	0.330497
321.206	0.308951
322.997	0.384106
324.788	0.603335
326.579	0.226247
328.367	-0.032093
330.156	0.330006
331.946	0.690882
333.735	0.0207806
335.523	0.304531
337.31	0.656773
339.098	-0.0707312
340.885	0.323953
342.673	-0.478069
344.458	-0.419272
346.244	1.26444
348.03	1.56331
349.816	0.287379
351.6	0.277145
353.385	-0.640537
355.17	0.11071
356.953	-0.165774
358.737	0.12808
360.521	-0.342147
362.304	0.567206
364.085	-0.618394
365.868	0.453961
367.65	0.170353
369.431	-0.256218
371.212	-0.0435829
372.994	0.19125
374.773	0.0468922
376.554	0.634758
378.332	0.420419
380.112	-0.616604
381.892	0.0446682
383.669	0.37757
385.448	0.476977
387.225	0.88368
389.003	0.610664
390.781	0.550739
392.557	0.351223
394.334	1.11558
396.109	1.29348
397.885	2.55201
399.66	1.34427
401.436	1.733
403.211	1.72148
404.984	1.42695
406.759	1.46009
408.532	1.84443
410.306	1.92296
412.078	1.81378
413.851	1.94
415.623	2.39591
417.395	1.72693
419.166	3.26487
420.938	3.09042
422.708	2.21135
424.477	1.80049
426.248	1.71681
428.017	1.88999
429.788	2.01542
431.556	1.60096
433.326	0.928906
435.093	1.3605
436.86	0.689039
438.629	0.673719
440.395	0.703161
442.163	0.823365
443.929	0.611897
445.694	0.632094
447.461	0.322667
449.226	0.410565
450.99	0.124595
452.756	-0.207111
454.52	-0.444628
456.285	0.483559
458.048	0.478515
459.811	0.729527
461.573	-0.111794
463.337	0.491129
465.099	0.702158
466.86	0.197212
468.623	-0.0481529
470.384	0.0346746
472.144	0.44436
473.906	0.108458
475.666	0.42178
477.425	1.05809
479.184	0.503503
480.944	0.0638361
482.703	0.649147
484.461	0.467561
486.218	-0.0140457
487.975	-0.050004
489.734	0.476806
491.491	0.165649
493.247	0.766161
495.003	0.549598
496.759	0.96451
498.516	1.21576
500.271	0.341087
502.025	0.332321
503.779	1.59055
505.533	0.545376
507.287	1.0489
509.042	1.33875
510.795	0.214396
512.547	1.11102
514.299	0.922887
516.051	1.06199
517.803	0.446533
519.554	1.68706
521.305	1.37446
523.055	1.36665
524.805	0.935966
526.555	0.763725
528.307	0.708898
530.056	0.372738
531.805	1.55874
533.553	1.85258
535.301	0.67049
537.049	0.282699
538.797	1.08417
540.544	1.01917
542.291	1.2558
544.037	0.793238
545.783	0.819665
547.529	0.590958
549.275	1.03542
551.02	1.13184
552.765	0.765685
554.509	1.07068
556.253	0.636765
557.997	0.919152
559.738	1.17873
561.482	0.978289
563.224	0.618044
564.967	0.741907
566.709	0.590916
568.451	0.762709
570.192	0.729394
571.933	0.331126
573.674	0.531874
575.415	0.505895
577.153	0.43656
578.893	0.736488
580.632	0.762288
582.371	0.466592
584.11	1.25031
585.849	-0.105776
587.587	-0.153355
589.323	0.441424
591.06	0.666697
592.797	0.246876
594.534	0.378948
596.271	-0.0411339
598.005	0.0908823
599.741	0.636447
601.476	0.145498
603.211	-0.347189
604.944	-1.11758
606.679	0.339684
608.413	0.599897
610.147	0.882452
611.878	0.40841
613.611	-0.0181704
615.344	1.11508
617.077	-0.226588
618.807	0.538987
620.539	0.455254
622.27	1.07884
623.999	0.854339
625.73	0.378736
627.461	0.681482
629.189	0.0512238
630.919	1.29582
632.648	0.718051
634.376	0.370094
636.105	0.980327
637.833	1.4967
639.559	0.593668
641.287	0.644709
643.013	0.942521
644.74	1.32875
646.467	1.21415
648.192	1.01169
649.918	0.405281
651.642	0.804673
653.368	0.982951
655.091	0.893741
656.816	0.990179
658.538	1.13398
660.263	1.3003
661.987	1.67
663.708	1.21381
665.432	1.64484
667.153	1.02104
668.875	1.40199
670.596	1.28075
672.318	0.864966
674.037	0.933417
675.759	1.25747
677.478	0.827052
679.196	1.17692
680.917	0.744354
682.635	0.515344
684.355	0.720113
686.072	0.991004
687.791	0.867948
689.508	0.835241
691.224	0.847414
692.942	1.0198
694.658	0.56911
696.376	1.01508
698.091	0.607179
699.805	1.00299
701.522	0.752576
703.236	1.30537
704.95	1.55766
706.665	1.30375
708.379	1.11833
710.093	1.04709
711.806	1.02117
713.518	0.697394
715.23	0.990858
716.943	1.19229
718.655	1.50754
720.366	1.1615
722.078	0.793458
723.788	1.19972
725.498	1.26407
727.208	1.28239
728.919	1.39071
730.628	1.58878
732.337	0.947804
734.045	0.918629
735.755	1.13812
737.463	1.04158
739.17	1.37485
740.877	0.874954
742.584	1.68413
744.292	1.25614
745.998	0.89827
747.704	1.39765
749.409	1.38152
751.114	0.985025
752.819	0.927882
754.526	1.18774
756.23	1.26996
757.934	1.53474
759.637	0.99103
761.34	1.68832
763.043	1.71064
764.746	1.41648
766.448	1.48172
768.152	2.10932
769.853	1.85205
771.554	2.20196
773.255	1.91636
774.956	1.96911
776.656	1.23127
778.356	2.71124
780.056	2.81452
781.755	2.80663
783.454	2.34642
785.153	1.88422
786.851	1.4409
788.549	1.78498
790.247	2.44027
791.944	1.59849
793.641	1.99746
795.338	1.76345
797.034	2.38763
798.73	1.75218
800.426	2.44837
802.121	1.05383
803.817	2.40521
805.511	2.42896
807.206	2.76594
808.9	1.84303
810.592	2.28835
812.286	1.78963
813.979	1.71643
815.672	2.04588
817.364	1.27862
819.057	1.80896
820.748	2.91925
822.44	1.4623
824.129	1.9486
825.82	1.701
827.511	1.6351
829.201	2.0411
830.891	1.62779
832.581	1.77571
834.269	1.59276
835.958	1.34433
837.646	1.63098
839.335	1.33565
841.023	2.22148
842.709	1.16189
844.396	1.66524
846.084	1.3204
847.77	1.96181
849.455	2.00363
851.141	1.5121
852.827	0.977907
854.513	1.70062
856.196	1.18929
857.881	1.82192
859.566	1.26045
861.248	1.32581
862.932	0.983166
864.616	0.976265
866.297	0.855196
867.98	0.981077
869.663	1.08373
871.343	1.38894
873.026	1.12988
874.707	2.02134
876.387	0.814344
878.068	0.374392
879.747	1.4917
881.428	1.29932
883.108	0.992914
884.786	1.02346
886.465	1.23236
888.143	1.16794
889.822	1.46184
891.498	1.03184
893.177	1.02815
894.855	1.2926
896.53	0.947906
898.208	1.02892
899.883	2.00556
901.56	0.939653
903.234	0.658653
904.91	0.869631
906.584	1.08043
908.26	0.667351
909.933	-0.0106583
911.608	0.760103
913.28	1.10816
914.955	1.01198
916.627	0.561163
918.298	1.41866
919.972	0.0825958
921.643	0.718664
923.315	0.55957
924.986	0.646193
926.656	1.17715
928.328	0.783335
929.997	0.744806
931.668	0.928011
933.337	0.626299
935.006	0.346998
936.676	0.663858
938.344	0.65119
940.012	0.199276
941.681	0.741806
943.348	0.53554
945.014	0.726284
946.683	0.341436
948.349	0.682186
950.015	0.644663
951.682	0.428638
953.347	1.2714
955.012	1.05772
956.676	0.120731
958.343	1.48249
960.006	0.0690956
961.67	0.268764
963.333	0.0928879
964.998	0.666264
966.661	0.97048
968.323	-0.167917
969.985	0.46034
971.649	0.533926
973.31	1.02831
974.971	0.728792
976.632	0.343693
978.293	0.690865
979.953	0.928724
981.615	1.16615
983.274	1.11373
984.933	1.83293
986.592	0.954855
988.251	1.29114
989.909	1.20484
991.567	1.29428
993.225	1.2066
994.884	1.53853
996.541	1.84823
998.198	1.80474
999.855	2.20163
1001.51	2.50923
1003.17	1.14312
1004.82	1.73556
1006.48	1.90937
1008.13	0.985132
1009.79	1.26965
1011.44	1.29135
1013.1	0.612448
1014.75	0.811157
1016.4	0.944611
1018.06	0.684917
1019.71	1.17038
1021.36	0.738935
1023.01	1.0309
1024.66	1.04026
1026.32	1.00694
1027.97	0.624107
1029.62	1.46376
1031.27	0.859554
1032.92	0.580582
1034.57	1.36823
1036.22	1.14957
1037.87	1.27833
1039.52	1.99439
1041.16	1.51412
1042.81	1.84101
1044.46	1.86642
1046.11	3.04641
1047.76	3.01326
1049.4	2.52717
1051.05	3.10763
1052.7	3.05984
1054.34	3.44736
1055.99	3.48733
1057.63	2.5268
1059.28	2.28255
1060.92	1.92836
1062.57	1.22483
1064.21	1.71564
1065.85	0.661001
1067.5	0.365662
1069.14	0.373043
1070.78	0.661631
1072.43	0.189981
1074.07	0.522285
1075.71	0.357143
1077.35	1.01838
1078.99	0.705765
1080.63	0.546309
1082.27	-0.0250893
1083.91	1.02838
1085.55	0.843187
1087.19	1.19635
1088.83	0.397909
1090.47	0.960718
1092.11	1.08813
1093.75	0.6745
1095.39	0.714954
1097.03	0.390228
1098.66	0.0683022
1100.3	0.503103
1101.94	0.424253
1103.57	0.283913
1105.21	0.274933
1106.84	-0.206184
1108.48	0.323112
1110.11	-0.138538
1111.75	-0.172615
1113.38	0.37071
1115.02	-0.140673
1116.65	0.0126629
1118.29	0.380268
1119.92	0.127197
1121.55	0.68977
1123.19	0.162048
1124.82	-0.834255
1126.45	-0.160177
1128.08	0.450697
1129.71	-0.263063
1131.34	-0.0777683
1132.97	0.172167
1134.6	0.97764
1136.23	0.178936
1137.86	-0.215218
1139.49	0.157866
1141.12	-0.175615
1142.75	0.237196
1144.38	-0.437946
1146.01	0.316977
1147.64	-0.418835
1149.26	0.317318
1150.89	0.521446
1152.52	0.576483
1154.15	-0.518719
1155.77	0.96129
1157.4	-0.0917072
1159.02	0.0263367
1160.65	0.273331
1162.27	0.266991
1163.9	-0.141573
1165.52	-0.591759
1167.15	-0.0429802
1168.77	-0.282587
1170.39	-0.248556
1172.02	0.971945
1173.64	-0.0200958
1175.26	0.42975
1176.89	0.983929
1178.51	-0.135866
1180.13	0.652222
1181.75	0.340799
1183.37	0.00979042
1184.99	0.207525
1186.61	-0.441141
1188.23	0.533115
1189.85	0.448292
1191.47	0.170835
1193.09	-0.0875587
1194.71	0.514154
1196.33	0.757732
1197.94	0.981277
1199.56	0.308014
1201.18	0.643124
1202.8	0.794437
1204.41	1.13803
1206.03	0.880203
1207.65	1.00043
1209.26	0.954342
1210.88	0.552368
1212.49	0.752329
1214.11	0.135572
1215.72	1.34812
1217.34	0.932697
1218.95	1.09807
1220.57	0.743841
1222.18	1.17956
1223.79	1.20226
1225.41	0.668608
1227.02	0.966051
1228.63	1.41047
1230.24	1.60871
1231.85	1.4163
1233.47	0.668125
1235.08	1.65833
1236.69	0.790565
1238.3	1.90903
1239.91	1.37499
1241.52	0.841085
1243.13	1.13393
1244.74	2.00493
1246.34	2.27419
1247.95	1.15517
1249.56	1.4212
1251.17	1.25215
1252.78	1.18693
1254.38	1.20571
1255.99	1.45394
1257.6	1.35275
1259.2	1.72956
1260.81	1.23887
1262.42	1.55632
1264.02	1.00407
1265.63	0.761602
1267.23	0.994497
1268.84	1.49541
1270.44	1.60068
1272.04	1.33086
1273.65	0.582405
1275.25	1.24199
1276.85	1.02928
1278.46	0.711695
1280.06	1.34576
1281.66	1.31645
1283.26	1.34938
1284.86	1.40391
1286.46	0.405668
1288.07	1.55925
1289.67	1.88748
1291.27	1.72069
1292.87	1.55383
1294.47	1.42708
1296.06	1.7938
1297.66	1.22842
1299.26	1.36213
1300.86	1.2456
1302.46	1.25062
1304.06	1.8919
1305.65	2.22224
1307.25	1.70887
1308.85	1.29864
1310.44	2.28282
1312.04	1.97585
1313.64	1.30274
1315.23	1.85865
1316.83	1.78246
1318.42	2.13588
1320.02	1.51007
1321.61	1.55588
1323.2	2.29082
1324.8	2.77702
1326.39	1.71651
1327.99	2.52283
1329.58	2.41688
1331.17	2.19271
1332.76	1.81149
1334.36	3.35314
1335.95	1.88934
1337.54	2.30395
1339.13	1.2657
1340.72	1.65603
1342.31	1.7199
1343.9	1.92074
1345.49	1.55686
1347.08	1.47466
1348.67	1.39564
1350.26	1.38119
1351.85	1.21139
1353.43	1.22543
1355.02	2.04137
1356.61	1.67869
1358.2	1.71501
1359.78	1.56989
1361.37	1.86204
1362.96	1.47408
1364.54	2.00295
1366.13	1.8542
1367.71	1.66724
1369.3	1.34332
1370.88	1.55951
1372.47	1.83788
1374.05	1.4418
1375.64	2.00213
1377.22	1.16981
1378.8	1.13257
1380.39	1.5114
1381.97	1.66893
1383.55	1.76431
1385.13	1.44033
1386.72	1.35418
1388.3	0.851351
1389.88	1.06471
1391.46	1.79547
1393.04	1.53541
1394.62	0.9589
1396.2	1.51263
1397.78	1.11331
1399.36	0.692663
1400.94	1.0431
1402.52	0.778469
1404.1	1.6615
1405.68	1.77336
1407.25	1.59025
1408.83	1.2113
1410.41	0.813828
1411.98	1.42365
1413.56	0.275211
1415.14	2.06606
1416.71	1.704
1418.29	1.69635
1419.87	1.57107
1421.44	1.64475
1423.02	0.973253
1424.59	2.27324
1426.16	0.780666
1427.74	1.19831
1429.31	1.14317
1430.89	1.71627
1432.46	2.24777
1434.03	2.5411
1435.6	2.95138
1437.18	2.02481
1438.75	2.55467
1440.32	2.7718
1441.89	2.81389
1443.46	1.95333
1445.03	3.03923
1446.6	2.80871
1448.17	2.57846
1449.74	3.05646
1451.31	2.43439
1452.88	1.7738
1454.45	2.01851
1456.02	2.38138
1457.59	1.64123
1459.16	2.88642
1460.72	2.92787
1462.29	1.98203
1463.86	2.23337
1465.43	1.87307
1466.99	1.21779
1468.56	1.84001
1470.13	2.28662
1471.69	1.79338
1473.26	1.63585
1474.82	1.75441
1476.38	0.971821
1477.95	0.993444
1479.51	1.87747
1481.08	1.85951
1482.64	1.41027
1484.2	1.4312
1485.77	1.00094
1487.33	0.902479
1488.89	0.938801
1490.46	0.365227
1492.02	0.316507
1493.58	0.791395
1495.14	1.00839
1496.7	0.735662
1498.26	0.871811
1499.82	1.04746
1501.38	1.10814
1502.94	1.24849
1504.5	1.00274
1506.06	0.777351
1507.62	0.899406
1509.18	1.34778
1510.73	0.847496
1512.29	0.963484
1513.85	0.732018
1515.41	0.866629
1516.96	1.11719
1518.52	0.333046
1520.08	1.83131
1521.63	0.590443
1523.19	1.072
1524.75	0.63463
1526.3	0.482544
1527.85	0.919477
1529.41	0.764662
1530.96	0.70517
1532.52	0.608789
1534.07	0.930902
1535.62	0.592106
1537.18	0.992678
1538.73	0.733101
1540.28	0.851885
1541.84	0.857635
1543.39	0.486805
1544.94	1.03763
1546.49	0.422438
1548.04	-0.0041523
1549.59	0.525997
1551.14	0.94305
1552.69	1.3602
1554.25	1.21757
1555.79	0.965664
1557.34	0.81061
1558.89	1.49888
1560.44	1.46278
1561.99	0.758135
1563.54	1.79054
1565.08	1.81674
1566.63	1.04074
1568.18	1.68259
1569.73	1.29727
1571.27	1.34054
1572.82	1.58862
1574.37	1.27644
1575.91	1.39364
1577.46	1.97794
1579	2.04032
1580.55	1.59973
1582.09	1.87013
1583.64	1.82468
1585.18	1.42551
1586.73	1.53176
1588.27	1.41395
1589.81	1.80092
1591.35	1.2889
1592.9	1.22507
1594.44	0.82353
1595.98	1.60217
1597.52	1.72606
1599.06	1.60753
1600.61	1.92165
1602.15	1.41116
1603.69	1.38839
1605.23	1.89046
1606.77	1.97703
1608.31	2.81188
1609.85	1.16152
1611.39	1.81865
1612.93	1.2697
1614.46	2.27673
1616	1.76237
1617.54	0.987038
1619.08	0.851591
1620.61	1.50548
1622.15	1.03807
1623.69	1.09656
1625.23	1.9975
1626.76	1.10015
1628.3	1.11774
1629.83	0.908434
1631.37	1.37029
1632.9	0.411306
1634.44	1.806
1635.97	1.87594
1637.51	1.08963
1639.04	2.00164
1640.57	2.07447
1642.11	1.81082
1643.64	1.95508
1645.17	1.20372
1646.71	1.82778
1648.24	1.52125
1649.77	2.16278
1651.3	2.00731
1652.83	2.37365
1654.36	1.57376
1655.89	2.07306
1657.42	2.09024
1658.96	1.93933
1660.48	2.19349
1662.01	1.96364
1663.54	2.19411
1665.07	1.86901
1666.6	2.08022
1668.13	1.97957
1669.66	1.67903
1671.19	2.26592
1672.71	1.71248
1674.24	1.58381
1675.77	1.39961
1677.29	1.60062
1678.82	1.63395
1680.35	1.62853
1681.87	1.1256
1683.4	1.00828
1684.92	1.34999
1686.45	1.27008
1687.97	1.15443
1689.5	1.31442
1691.02	1.30993
1692.54	1.06769
1694.07	0.734138
1695.59	1.1502
1697.11	0.834465
1698.64	0.0802097
1700.16	0.859123
1701.68	0.797153
1703.2	0.624878
1704.72	0.761444
1706.25	0.241926
1707.77	0.940784
1709.29	0.294161
1710.81	0.901003
1712.33	-0.0341511
1713.85	-0.0615692
1715.37	0.454283
1716.89	-0.2789
1718.41	-0.215893
1719.92	-0.297567
1721.44	0.360933
1722.96	0.316227
1724.48	-0.321194
1725.99	0.809126
1727.51	-0.0211887
1729.03	0.410496
1730.55	0.659456
1732.06	0.705439
1733.58	0.992809
1735.09	0.108881
1736.61	0.179289
1738.13	-0.240515
1739.64	0.902311
1741.15	0.0819149
1742.67	0.651293
1744.18	0.0173893
1745.7	0.656866
1747.21	0.00495338
1748.72	-0.0294914
1750.24	0.0832462
1751.75	0.198366
1753.26	0.943869
1754.77	0.19211
1756.29	0.440786
1757.8	-0.139849
1759.31	0.28805
1760.82	0.0265026
1762.33	0.404451
1763.84	0.22271
1765.35	0.111021
1766.86	0.345356
1768.37	-0.354467
1769.88	-0.0364227
1771.39	0.381067
1772.9	0.191181
1774.4	0.308582
1775.91	-0.0121136
1777.42	0.387815
1778.93	0.102779
1780.44	0.161924
1781.94	0.0600777
1783.45	0.00251007
1784.96	-0.0791435
1786.46	0.384514
1787.97	0.467018
1789.47	0.142244
1790.98	0.385584
1792.48	0.200933
1793.99	0.545628
1795.49	3.19845
1797	1.01056
1798.5	0.237165
1800.01	0.091711
1801.51	0.119535
1803.01	0.0953503
1804.51	0.28756
1806.02	0.147503
1807.52	0.153612
1809.02	0.139114
1810.52	0.258677
1812.02	0.252459
1813.52	0.184013
1815.02	0.221815
1816.53	0.269794
1818.03	-0.26524
1819.52	0.772076
1821.02	0.456566
1822.52	-0.143932
1824.02	-0.226135
1825.52	-0.255322
1827.02	0.408995
1828.52	0.562622
1830.02	0.0126343
1831.51	0.52861
1833.01	0.0920963
1834.51	0.113777
1836.01	0.126919
1837.5	0.0481224
1839	0.355186
1840.49	-0.0904026
1841.99	0.288181
1843.49	-0.147257
1844.98	0.354008
1846.48	0.193954
1847.97	0.165812
1849.47	0.287672
1850.96	0.380449
1852.45	0.186096
1853.95	0.385908
1855.44	-0.253317
1856.93	0.0435753
1858.42	0.131588
1859.92	0.330582
1861.41	0.253532
1862.9	0.329239
1864.39	-0.0503635
1865.88	0.275812
1867.38	0.123564
1868.87	0.219435
1870.36	-0.145769
1871.85	0.637157
1873.34	0.294033
1874.83	0.484058
1876.32	0.44409
1877.81	-0.0001297
1879.29	0.0558529
1880.78	0.200647
1882.27	-0.628645
1882.53	-0.813061
1884.03	-0.501068
1885.52	-0.730974
1887.01	0.41366
1888.51	0.302765
1890	0.296774
1891.5	-0.176809
1892.99	-0.177549
1894.48	0.120779
1895.97	0.213499
1897.47	0.168772
1898.96	0.280359
1900.45	-0.288488
1901.94	0.28768
1903.43	0.216707
1904.92	0.594929
1906.41	-0.00173569
1907.9	0.374619
1909.39	0.283175
1910.88	0.0548439
1912.37	-0.0848579
1913.86	-0.188709
1915.35	0.453295
1916.84	0.886356
1918.33	-0.1551
1919.81	0.0160637
1921.3	1.19155
1922.79	0.687538
1924.28	-0.680084
1925.76	-0.0198021
1927.25	0.798355
1928.73	-0.217367
1930.22	0.0307102
1931.71	0.467762
1933.19	0.174677
1934.68	0.293705
1936.16	-0.0923767
1937.65	0.0211086
1939.13	-0.108332
1940.62	0.0219784
1942.1	0.412663
1943.58	0.598043
1945.07	-0.594513
1946.55	-0.0961819
1948.03	0.194603
1949.51	0.36314
1951	0.546782
1952.48	0.367035
1953.96	0.667862
1955.44	-0.389353
1956.92	0.272808
1958.4	0.746731
1959.88	0.158079
1961.36	0.66844
1962.84	0.287506
1964.32	-0.00781059
1965.8	0.740774
1967.28	0.100889
1968.76	-0.522411
1970.24	0.221409
1971.72	0.12674
1973.2	1.12445
1974.67	-0.30098
1976.15	0.764343
1977.63	-0.0109348
1979.1	-0.206251
1980.58	0.227999
1982.06	0.661325
1983.54	0.210188
1985.01	0.57378
1986.49	0.0543938
1987.96	-0.328632
1989.44	-0.591921
1990.91	-0.735121
1992.39	0.476643
1993.86	0.133877
1995.33	0.773142
1996.81	0.280972
1998.28	0.0423775
1999.75	-0.466995
2001.23	0.035387
2002.7	0.317093
2004.17	-0.025486
2005.65	0.930365
2007.12	0.69104
2008.59	0.319059
2010.06	-0.438261
2011.53	0.690987
2013	0.254749
2014.47	-0.586058
2015.94	-0.233429
2017.41	0.352718
2018.88	0.449272
2020.35	0.326242
2021.82	0.454958
2023.29	0.718483
2024.76	0.295446
2026.23	0.311131
2027.69	-0.391573
2029.16	0.149773
2030.63	-0.144981
2032.1	-0.303782
2033.56	0.0922031
2035.03	0.438076
2036.5	0.0442753
2037.96	0.674227
2039.43	0.244875
2040.89	0.218676
2042.36	0.34454
2043.83	0.539221
2045.29	0.18055
2046.75	0.344898
2048.22	0.139437
2049.68	0.0342617
2051.15	0.786942
2052.61	0.457693
2054.07	0.293442
2055.54	0.0415173
2057	-0.381487
2058.46	0.744577
2059.92	0.589304
2061.39	0.333952
2062.85	0.265514
2064.31	0.081255
2065.77	0.555286
2067.23	0.00437355
2068.69	0.885145
2070.15	0.537931
2071.61	0.0392246
2073.07	-0.224152
2074.53	0.252848
2075.99	-0.095892
2077.45	0.851368
2078.91	0.1812
2080.37	0.234291
2081.82	0.336817
2083.28	0.42119
2084.74	0.453606
2086.2	-0.0368862
2087.65	0.110788
2089.11	0.812126
2090.57	0.168596
2092.02	0.717558
2093.48	0.20866
2094.94	0.219706
2096.39	0.0622005
2097.85	0.272116
2099.3	-0.0048027
2100.76	0.95558
2102.21	0.260658
2103.66	-0.0476246
2105.12	0.481359
2106.57	0.612141
2108.03	0.528055
2109.48	-0.0388985
2110.93	0.660351
2112.38	0.256811
2113.84	0.0503139
2115.29	0.689707
2116.74	0.727821
2118.19	0.0854759
2119.64	0.0773716
2121.09	0.786224
2122.54	-0.375813
2123.99	0.538097
2125.45	0.474758
2126.89	0.394358
2128.34	0.494434
2129.79	-0.551495
2131.24	0.322353
2132.69	0.548239
2134.14	0.045929
2135.59	0.0251179
2137.04	-0.240915
2138.48	-0.0738049
2139.93	-0.366043
2141.38	0.286804
2142.83	0.479193
2144.27	0.391706
2145.72	0.519554
2147.17	-0.147785
2148.61	0.309513
2150.06	-0.0628452
2151.5	0.30847
2152.95	0.644901
2154.39	0.648432
2155.84	0.270071
2157.28	-0.157763
2158.73	0.210829
2160.17	0.631546
2161.61	-0.203764
2163.06	0.919901
2164.5	0.355478
2165.94	0.738157
2167.38	0.240648
2168.83	-0.0266609
2170.27	0.733782
2171.71	-0.072916
2173.15	-0.018158
2174.59	0.69949
2176.03	0.650852
2177.47	0.120417
2178.91	-0.175758
2180.36	0.54397
2181.8	0.184607
2183.23	0.50802
2184.67	0.266546
2186.11	0.457651
2187.55	0.0165806
2188.99	0.740393
2190.43	0.515652
2191.87	0.356937
2193.3	0.330029
2194.74	0.0343533
2196.18	0.434628
2197.62	0.331875
2199.05	-0.0731735
2200.49	0.533995
2201.93	0.22686
2203.36	-0.062048
2204.8	0.430677
2206.23	0.676184
2207.67	-0.0715256
2209.1	0.00904083
2210.54	0.535006
2211.97	0.727713
2213.41	0.522057
2214.84	0.828501
2216.27	0.39287
2217.71	0.982704
2219.14	0.865242
2220.57	-0.355047
2222.01	-0.35478
2223.44	-0.108641
2224.87	0.513514
2226.3	0.243164
2227.73	-0.19421
2229.16	0.188089
2230.6	0.71579
2232.03	0.619225
2233.46	0.277872
2234.89	0.510956
2236.32	0.124992
2237.75	0.46088
2239.18	0.228819
2240.61	-0.407127
2242.03	0.803413
2243.46	0.0916195
2244.89	0.685322
2246.32	0.299147
2247.75	0.236269
2249.17	0.642187
2250.6	0.864246
2252.03	-0.528809
2253.46	0.111832
2254.88	0.183199
2256.31	0.516884
2257.73	0.627436
2259.16	0.743328
2260.59	0.248236
2262.01	0.000892639
2263.44	-0.292486
2264.86	0.194374
2266.29	-0.131882
2267.71	0.451096
2269.14	-0.155186
2270.56	0.587828
2271.98	0.499849
2273.4	0.80237
2274.83	0.290699
2276.25	0.805672
2277.67	0.359665
2279.09	0.679762
2280.52	0.0704403
2281.94	-0.196905
2283.36	0.269621
2284.78	-0.356899
2286.2	-0.134548
2287.62	0.480471
2289.04	0.214716
2290.46	0.0312061
2291.88	0.452909
2293.3	0.0574837
2294.72	0.397945
2296.14	0.0510616
2297.56	-0.181589
2298.98	0.224573
2300.4	0.434776
2301.82	0.498117
2303.23	0.299562
2304.65	0.183167
2306.07	0.0172424
2307.49	0.458467
2308.9	-0.547499
2310.32	0.41799
2311.73	0.0345421
2313.15	0.835487
2314.57	0.765368
2315.98	0.169664
2317.4	0.761072
2318.81	0.183561
2320.23	-0.329052
2321.64	0.607903
2323.06	0.617634
2324.47	0.622934
2325.88	0.541441
2327.3	0.17651
2328.71	0.23905
2330.12	0.400705
2331.54	-0.0452862
2332.95	-0.209084
2334.36	0.171751
2335.77	0.684479
2337.18	0.357344
2338.6	0.686186
2340.01	-0.00622749
2341.42	-0.371175
2342.83	0.428583
2344.24	0.292435
2345.65	-0.400236
2347.06	0.693789
2348.47	-0.112268
2349.88	-0.100092
2351.29	0.15584
2352.7	-0.0314407
2354.1	0.628355
2355.51	0.617224
2356.92	0.393806
2358.33	0.203346
2359.74	0.0622768
2361.14	-0.630136
2362.55	0.121836
2363.96	0.240379
2365.36	0.0188503
2366.77	0.751637
2368.18	-0.243432
2369.58	0.168633
2370.99	0.260128
2372.39	0.837309
2373.8	0.449677
2375.2	0.497711
2376.61	0.448467
2378.01	-0.0690784
2379.42	0.519897
2380.82	-0.083168
2382.22	-0.2707
2383.63	0.149174
2385.03	0.183678
2386.43	-0.172556
2387.84	-0.526343
2389.24	0.310537
2390.64	0.399576
2392.04	-0.146117
2393.44	0.504061
2394.84	0.423577
2396.25	-0.132437
2397.65	-0.146541
2399.05	0.174091
2400.45	-0.362335
2401.85	-0.230896
2403.25	0.837572
2404.65	0.269515
2406.05	0.382681
2407.45	0.113221
2408.84	-0.046442
2410.24	0.221428
2411.64	-0.0650587
2413.04	0.141133
2414.44	0.286223
2415.83	0.0699005
2417.23	-0.143956
2418.63	-0.340367
2420.02	0.144817
2421.42	0.218123
2422.82	0.195752
2424.21	0.679873
2425.61	0.30853
2427	0.809754
2428.4	0.266521
2429.8	0.121204
2431.19	0.199176
2432.58	-0.182878
2433.98	0.307293
2435.37	0.541529
2436.77	0.153416
2438.16	0.604518
2439.55	0.3859
2440.95	0.816758
2442.34	0.563704
2443.73	0.230961
2445.12	-0.181142
2446.51	-0.180957
2447.91	0.75397
2449.3	0.59507
2450.69	0.452578
2452.08	0.20041
2453.47	0.0289631
2454.86	-0.47306
2456.25	-0.246046
2457.64	0.0605974
2459.03	-0.0284977
2460.42	-0.371643
2461.81	-0.210154
2463.2	-0.113401
2464.59	0.535191
2465.98	0.0614357
2467.36	0.392972
2468.75	0.455884
2470.14	-0.0178394
2471.53	0.0282488
2472.92	0.277828
2474.3	0.0534105
2475.69	0.0168934
2477.08	0.0583487
2478.46	-0.355781
2479.85	0.18826
2481.23	-0.0678949
2482.62	0.490932
2484	-0.110437
2485.39	0.147853
2486.77	0.341056
2488.16	0.0636683
2489.54	0.206385
2490.93	-0.211829
2492.31	0.304628
2493.69	-0.0942354
2495.08	-0.0554972
2496.46	-0.0145416
2497.84	-0.328327
2499.23	-0.130409
2500.61	-0.242711
2501.99	0.3856
2503.37	0.393387
2504.75	-0.0323954
2506.13	0.373628
2507.52	0.301193
2508.9	-0.124425
2510.28	-0.118342
2511.66	-0.279875
2513.04	0.342047
2514.42	0.183398
2515.8	0.2868
2517.18	-0.69457
2518.55	-0.420215
2519.93	0.480682
2521.31	-0.0402088
2522.69	-0.0427265
2524.07	-0.0620022
2525.45	0.283236
2526.82	-0.499409
2528.2	-0.0628271
2529.58	0.253466
2530.95	-0.218005
2532.33	0.0280218
2533.71	-0.118587
2535.08	0.0247822
2536.46	-0.454823
2537.84	-0.0240793
2539.21	0.632624
2540.59	0.0424509
2541.96	-0.107841
2543.34	-0.272702
2544.71	-0.223595
2546.08	-0.00546837
2547.46	-0.118846
2548.83	-0.109345
2550.2	0.249279
2551.58	0.425034
2552.95	0.401838
2554.32	0.498133
2555.7	-0.0141239
2557.07	0.352585
2558.44	-0.691316
2559.81	-0.187943
2561.18	0.0433426
2562.55	0.139324
2563.93	0.85767
2565.3	0.19779
2566.67	-0.47681
2568.04	0.424839
2569.41	-0.128369
2570.78	0.591527
2572.15	0.250557
2573.51	-0.150939
2574.88	0.190515
2576.25	-0.605
2577.62	0.282245
2578.99	0.0926199
2580.36	0.493725
2581.73	-0.000533104
2583.09	0.141392
2584.46	0.510258
2585.83	-0.182111
2587.19	0.399033
2588.56	0.298442
2589.93	0.16775
2591.29	0.400544
2592.66	-0.443316
2594.02	0.71129
2595.39	-0.135547
2596.75	0.424136
2598.12	-0.44021
2599.48	0.313495
2600.85	-0.0969524
2602.21	-0.0982971
2603.58	0.112893
2604.94	0.0985794
2606.3	-0.247224
2607.67	-0.0957413
2609.03	-0.171946
2610.39	0.0661058
2611.76	0.135903
2613.12	0.158399
2614.48	0.194487
2615.84	0.260044
2617.2	0.250944
2618.56	0.10819
2619.92	0.475855
2621.28	0.0219173
2622.65	-0.43042
2624.01	0.417361
2625.37	0.279062
2626.72	0.274708
2628.08	0.463479
2629.44	0.532299
2630.8	0.34771
2632.16	0.54974
2633.52	0.0532312
2634.88	0.165999
2636.24	-0.0328922
2637.59	0.0500641
2638.95	0.947324
2640.31	0.112503
2641.67	0.0481768
2643.02	0.161725
2644.38	0.452579
2645.74	-0.216009
2647.09	0.309721
2648.45	-0.256579
2649.8	0.0302019
2651.16	-0.111105
2652.51	0.143853
2653.87	-0.100114
2655.22	0.434552
2656.58	0.530946
2657.93	-0.014677
2659.29	-0.280121
2660.64	0.274228
2661.99	-0.0490751
2663.35	0.590911
2664.7	-0.464523
2666.05	-0.148751
2667.41	0.223991
2668.76	0.115444
2670.11	0.167615
2671.46	0.17704
2672.81	0.100411
2674.16	0.562301
2675.51	0.226461
2676.87	0.269176
2678.22	0.45808
2679.57	-0.192592
2680.92	-0.087307
2682.27	0.324533
2683.62	0.0280485
2684.97	0.690442
2686.31	0.236846
2687.66	0.218102
2689.01	0.168219
2690.36	0.68152
2691.71	0.276979
2693.06	0.000558853
2694.4	0.737724
2695.75	0.227423
2697.1	0.327137
2698.45	0.32772
2699.79	-0.132037
2701.14	-0.00952625
2702.49	-0.0436907
2703.83	0.0833549
2705.18	0.414396
2706.52	0.368727
2707.87	0.0177975
2709.21	0.130422
2710.56	-0.0770245
2711.9	-0.0671911
2713.25	0.0150719
2714.59	0.329833
2715.94	0.499276
2717.28	0.523128
2718.62	0.313755
2719.97	-0.361992
2721.31	0.533006
2722.65	0.612285
2723.99	0.152172
2725.34	0.506383
2726.68	0.452362
2728.02	0.499657
2729.36	-0.0501251
2730.7	0.360297
2732.04	0.59598
2733.39	0.613562
2734.73	0.864182
2736.07	0.475179
2737.41	0.130091
2738.75	0.555794
2740.08	0.37023
2741.43	0.140245
2742.76	0.28718
2744.1	0.883325
2745.44	0.577236
2746.78	1.02573
2748.12	0.573566
2749.46	0.0493288
2750.79	0.497576
2752.13	-0.155885
2753.47	0.307458
2754.81	-0.0405254
2756.14	-0.112866
2757.48	-0.184883
2758.81	0.250237
2760.15	0.0345602
2761.49	0.123693
2762.82	0.12682
2764.16	-0.26017
2765.49	0.336708
2766.83	0.0936098
2768.16	-0.671721
2769.5	0.325235
2770.83	-0.198631
2772.16	0.373339
2773.5	-0.384865
2774.83	0.471929
2776.17	0.419708
2777.5	0.684846
2778.83	0.274687
2780.16	-0.119576
2781.5	0.0329571
2782.83	-0.130275
2784.16	-0.279038
2785.49	0.217295
2786.82	0.0114937
2788.15	0.551173
2789.49	-0.267533
2790.82	0.632256
2792.15	0.0744476
2793.48	-0.153491
2794.81	-0.00967026
2796.14	0.290674
2797.46	0.247077
2798.79	0.316755
2800.12	0.385614
2801.45	0.154373
2802.78	-0.119754
2804.11	0.147468
2805.44	0.185752
2806.76	-0.0474949
2808.09	0.529187
2809.42	-0.0184679
2810.75	-0.0965996
2812.07	0.209574
2813.4	0.219509
2814.73	0.231968
2816.05	-0.27752
2817.38	-0.274726
2818.7	-0.0299978
2820.03	0.243092
2821.36	-0.207425
2822.68	0.120417
2824.01	0.163707
2825.33	0.518001
2826.65	-0.0624294
2827.98	0.448462
2829.3	0.252345
2830.63	0.0287657
2831.95	0.513339
2833.27	0.601435
2834.6	0.476654
2835.92	0.676547
2837.24	0.408515
2838.56	0.606665
2839.88	0.790214
2841.21	1.08695
2842.53	2.14758
2843.85	1.37172
2845.17	1.53002
2846.49	1.95791
2847.81	1.79288
2849.13	1.5996
2850.45	1.51886
2851.77	1.5221
2853.09	1.69406
2854.41	2.09143
2855.73	2.1634
2857.05	2.0658
2858.37	2.54743
2859.69	2.67582
2861	3.21336
2862.32	2.53604
2863.64	3.11452
2864.96	3.04318
2866.28	3.18343
2867.59	3.28174
2868.91	3.93067
2870.23	3.55098
2871.54	3.87647
2872.86	3.62355
2874.17	3.97532
2875.49	3.4236
2876.81	4.50361
2878.12	4.13179
2879.44	4.18176
2880.75	4.33064
2882.07	3.9188
2883.38	4.04279
2884.69	3.50845
2886.01	3.78954
2887.32	4.26713
2888.63	4.25264
2889.95	4.50333
2891.26	4.07935
2892.57	4.29939
2893.89	4.33684
2895.2	4.16485
2896.51	3.88239
2897.82	4.04964
2899.13	4.48434
2900.44	5.24202
2901.76	4.25183
2903.07	5.27634
2904.38	4.7624
2905.69	4.78046
2907	5.27503
2908.31	4.69389
2909.62	5.00943
2910.93	5.24205
2912.24	5.57274
2913.55	5.35628
2914.85	5.4875
2916.16	5.92386
2917.47	5.89559
2918.78	5.80974
2920.09	6.1153
2921.4	6.1701
2922.7	6.00326
2924.01	6.23011
2925.32	6.83622
2926.62	6.98212
2927.93	7.00227
2929.24	6.12706
2930.54	6.46722
2931.85	6.8625
2933.15	7.34117
2934.46	6.50591
2935.76	7.2642
2937.07	6.16403
2938.37	6.8809
2939.68	6.4244
2940.98	5.88489
2942.29	5.89172
2943.59	5.59298
2944.89	5.60382
2946.2	5.53261
2947.5	4.98662
2948.8	5.19563
2950.11	5.76702
2951.41	4.92149
2952.71	5.26309
2954.01	5.02836
2955.32	4.8351
2956.62	4.85324
2957.92	4.16075
2959.22	5.06838
2960.52	4.6504
2961.82	4.66977
2963.12	4.40983
2964.42	4.10648
2965.72	3.87076
2967.02	4.08194
2968.32	4.2209
2969.62	4.09153
2970.92	3.69466
2972.22	3.35434
2973.51	3.25362
2974.81	3.54698
2976.11	3.50157
2977.41	2.75006
2978.71	3.20674
2980	2.74553
2981.3	2.84537
2982.6	2.60668
2983.9	2.98731
2985.19	2.42779
2986.49	2.22226
2987.78	2.17365
2989.08	2.75903
2990.38	1.91143
2991.67	1.49866
2992.97	1.7729
2994.26	1.82021
2995.56	1.66902
2996.85	1.36232
2998.14	1.01345
2999.44	1.33856
3000.73	0.640711
3002.03	1.09365
3003.32	1.2387
3004.61	1.01963
3005.91	1.3184
3007.2	0.776036
3008.49	0.582591
3009.78	0.206164
3011.07	-0.129017
3012.37	-0.0873966
3013.66	0.121559
3014.95	0.539958
3016.24	-0.32269
3017.53	-0.0832205
3018.82	0.71338
3020.11	0.605294
3021.4	-0.101044
3022.69	0.108863
3023.98	0.178094
3025.27	-0.225398
3026.56	0.0363464
3027.85	-0.0337296
3029.14	-0.101875
3030.43	0.50951
3031.71	0.321713
3033	-0.00221539
3034.29	-0.118387
3035.58	0.178535
3036.87	0.376515
3038.15	-0.406819
3039.44	-0.159549
3040.73	0.0983782
3042.01	-0.194859
3043.3	-0.26807
3044.59	-0.120691
3045.87	-0.0803776
3047.16	0.0180435
3048.44	-0.0709782
3049.73	0.171099
3051.01	0.197356
3052.3	0.0612202
3053.58	-0.361371
3054.87	-0.102745
3056.15	0.276839
3057.43	0.08183
3058.72	0.389833
3060	-0.582828
3061.29	-0.0568867
3062.57	0.225256
3063.85	0.400672
3065.13	0.320282
3066.42	-0.0160685
3067.7	0.179459
3068.98	0.348499
3070.26	-0.298882
3071.54	-0.0364084
3072.82	0.468865
3074.11	0.00666714
3075.39	-0.280015
3076.67	-0.145927
3077.95	0.110861
3079.23	0.124985
3080.51	0.100874
3081.79	0.0929356
3083.07	0.236276
3084.35	0.285848
3085.63	0.0234194
3086.9	0.547452
3088.18	-0.0833521
3089.46	0.343416
3090.74	-0.289089
3092.02	-0.35175
3093.29	0.22338
3094.57	-0.231833
3095.85	0.167785
3097.13	0.418318
3098.4	0.0316744
3099.68	0.417363
3100.95	0.111878
3102.23	0.497353
3103.51	0.179101
3104.78	-0.42236
3106.06	0.317405
3107.33	0.0571527
3108.61	0.380557
3109.88	0.556952
3111.16	0.0716457
3112.43	0.169738
3113.71	0.146677
3114.98	-0.188191
3116.25	0.154039
3117.53	0.264518
3118.8	0.793715
3120.07	0.208995
3121.35	0.531409
3122.62	0.120854
3123.89	0.766949
3125.16	-0.0494719
3126.44	0.109998
3127.71	0.365028
3128.98	0.377336
3130.25	0.322667
3131.52	0.52505
3132.79	0.483929
3134.06	0.793447
3135.33	0.426883
3136.6	0.559007
3137.87	0.946334
3139.14	0.887959
3140.41	0.937122
3141.68	0.82496
3142.95	0.780732
3144.22	0.750859
3145.49	0.775737
3146.76	0.761562
3148.02	0.855741
3149.29	0.897244
