200.563	1.58022
202.377	1.59019
204.194	1.60173
206.008	0.666278
207.821	0.267033
209.634	1.66585
211.449	1.19191
213.262	0.692712
215.074	-0.243585
216.885	0.420568
218.699	1.18096
220.51	1.04589
222.321	0.380349
224.131	0.0311689
225.941	0.867343
227.751	0.591918
229.562	0.67861
231.371	0.740544
233.18	0.29567
234.988	0.6235
236.796	0.784288
238.603	0.707036
240.411	0.247654
242.219	-0.281151
244.026	0.252856
245.832	0.811504
247.638	-0.490458
249.443	-0.0334988
251.248	0.154061
253.053	0.362304
254.857	0.544188
256.661	0.53271
258.465	0.112897
260.268	0.635298
262.071	-0.11649
263.874	0.434922
265.678	-0.144466
267.48	0.144068
269.282	0.38422
271.083	-0.0756559
272.884	-0.102983
274.684	0.711844
276.484	0.560201
278.284	-0.605758
280.084	-0.376205
281.883	-0.101243
283.682	0.195086
285.48	-0.13547
287.276	0.229764
289.074	0.330703
290.871	-0.190181
292.668	-0.157868
294.465	-0.0278072
296.261	0.510567
298.057	-0.0971212
299.853	-0.0824862
301.648	-0.56959
303.443	0.0170355
305.237	0.673229
307.032	-0.151086
308.823	0.336383
310.617	0.562162
312.41	0.408445
314.203	0.542899
315.995	0.322772
317.788	0.224175
319.579	0.222944
321.369	-0.0627193
323.16	-0.276009
324.951	0.20311
326.741	-0.0810432
328.531	0.183747
330.321	0.591491
332.108	-0.22174
333.897	0.732821
335.686	0.464563
337.474	0.217226
339.26	-0.0327263
341.048	0.504736
342.835	0.0607557
344.622	-0.0243969
346.406	0.751091
348.192	0.213868
349.978	0.107349
351.764	0.502168
353.547	0.609739
355.332	-0.0235767
357.116	-0.896476
358.901	-0.316485
360.682	-0.262507
362.466	0.86107
364.249	-0.205466
366.03	0.320518
367.812	0.5835
369.594	0.418077
371.374	0.0860968
373.155	0.179814
374.936	0.320162
376.715	0.342337
378.495	-0.365683
380.273	-0.623488
382.053	0.0150604
383.832	0.7955
385.609	-0.115695
387.388	0.150494
389.164	-0.0283146
390.942	0.00567341
392.72	-0.241055
394.495	-0.463467
396.272	0.136599
398.047	0.59595
399.823	0.0686884
401.597	0.0340767
403.372	-0.142241
405.145	0.361599
406.92	-0.286238
408.693	0.0984259
410.467	0.412149
412.239	-0.0955334
414.012	-0.180069
415.783	0.369879
417.556	-0.158412
419.327	-0.19314
421.099	0.28883
422.869	0.207223
424.64	0.289041
426.409	-0.38159
428.18	-0.701066
429.948	0.481187
431.718	-0.143964
433.486	0.49876
435.253	0.649095
437.022	0.236148
438.789	0.620205
440.558	0.345187
442.324	0.583663
444.089	0.678352
445.857	0.325381
447.622	0.579941
449.386	0.412606
451.153	-0.478475
452.917	0.313057
454.682	-0.109229
456.446	0.378062
458.208	-0.0903521
459.973	-0.348472
461.735	0.67364
463.497	0.0466013
465.259	0.375867
467.022	0.615956
468.783	-0.0235291
470.544	0.129532
472.306	0.16716
474.066	0.483192
475.825	0.471061
477.585	0.47935
479.346	0.065938
481.104	0.187079
482.862	0.238596
484.62	0.315007
486.38	0.184356
488.137	0.429315
489.894	0.420704
491.65	0.64693
493.407	0.734227
495.164	0.400999
496.92	1.00341
498.675	0.34123
500.43	0.310465
502.184	0.654333
503.939	0.316352
505.694	-9.72748e-005
507.448	-0.271673
509.201	0.160331
510.954	0.355202
512.706	0.57158
514.459	0.550666
516.21	0.574994
517.962	0.785844
519.715	0.148958
521.466	0.827416
523.216	0.68266
524.966	-0.142842
526.716	0.25232
528.466	0.178195
530.215	0.455501
531.964	0.333797
533.712	0.772908
535.46	0.321048
537.208	0.24197
538.955	1.07165
540.703	0.288994
542.449	0.788103
544.196	0.727227
545.942	0.480608
547.688	0.559729
549.433	0.523099
551.178	-0.0225439
552.923	0.0808687
554.667	0.646406
556.412	-0.127552
558.155	0.50711
559.899	-0.333155
561.642	0.232873
563.385	0.131734
565.127	-0.0374403
566.867	-0.205547
568.609	0.339233
570.35	0.104695
572.092	0.422717
573.832	0.375802
575.573	0.262417
577.313	0.656016
579.053	-0.0273285
580.79	-0.457702
582.529	-0.199017
584.268	0.105186
586.006	-0.143681
587.745	0.686906
589.482	0.342803
591.218	-0.232639
592.955	0.45668
594.692	-0.188622
596.428	-0.235674
598.164	-0.167747
599.898	-0.42238
601.634	0.0350571
603.369	0.39869
605.104	0.0245275
606.836	0.269419
608.57	-0.359595
610.304	0.113575
612.037	0.10517
613.769	-0.154383
615.501	-0.229546
617.234	0.359919
618.966	0.16959
620.696	-0.0448751
622.427	0.0824356
624.159	-0.0429478
625.887	-0.00819588
627.618	0.370349
629.348	0.27192
631.076	0.153807
632.806	-0.440919
634.535	0.814175
636.262	0.539721
637.99	-0.0795279
639.716	0.73565
641.444	0.542608
643.172	0.460587
644.897	0.263323
646.624	0.521821
648.348	0.827956
650.075	0.251892
651.801	0.339969
653.524	0.274012
655.249	0.280482
656.972	-0.165593
658.697	0.11799
660.419	0.447173
662.143	0.980417
663.865	0.848533
665.588	0.187406
667.309	1.58156
669.032	0.0477095
670.752	0.413086
672.474	0.140391
674.194	0.3743
675.915	0.794661
677.634	0.964999
679.355	-0.127485
681.073	-0.372741
682.793	0.667817
684.511	0.210611
686.23	0.349199
687.947	0.278567
689.664	0.436892
691.382	-0.0967665
693.098	0.981192
694.816	0.560891
696.531	0.692072
698.247	0.0159245
699.963	0.765305
701.678	0.431579
703.392	0.809483
705.108	0.244332
706.821	1.3087
708.534	0.605212
710.249	1.48322
711.962	0.825517
713.674	0.603098
715.388	0.860668
717.099	0.889426
718.81	0.507668
720.523	0.65095
722.234	0.429866
723.944	0.937242
725.654	1.12534
727.365	1.19912
729.075	0.546112
730.784	1.11788
732.492	1.00863
734.202	0.650469
735.91	1.31016
737.618	1.22395
739.325	0.462043
741.034	0.175995
742.741	1.19832
744.447	0.780355
746.153	0.657132
747.859	0.805708
749.564	1.2933
751.271	1.44511
752.976	0.316519
754.681	2.02407
756.385	1.439
758.088	0.990582
759.792	1.30956
761.495	1.13435
763.2	1.63645
764.902	1.32596
766.604	1.35246
768.306	1.28615
770.008	2.031
771.709	1.48438
773.41	0.868109
775.11	1.44975
776.811	2.14512
778.51	2.05088
780.21	2.09435
781.909	1.55106
783.608	1.82228
785.307	2.2958
787.005	1.40796
788.703	1.46679
790.401	1.77014
792.098	2.15996
793.795	1.73419
795.492	1.9405
797.188	1.69696
798.884	1.41094
800.58	1.98287
802.276	1.67867
803.971	1.78034
805.665	1.90415
807.36	1.57737
809.054	2.5069
810.748	1.50379
812.441	2.22751
814.135	2.50124
815.826	2.21456
817.518	2.75584
819.21	2.71527
820.902	1.42456
822.594	1.56437
824.285	1.7942
825.976	2.71638
827.665	2.43788
829.355	1.33929
831.045	2.11548
832.735	2.22736
834.424	1.76252
836.111	1.83372
837.8	1.97163
839.488	1.8848
841.177	2.39892
842.864	2.59875
844.55	2.17235
846.237	2.26084
847.924	1.27848
849.61	2.62522
851.295	1.64839
852.98	2.15168
854.666	2.18595
856.349	2.15258
858.034	1.46554
859.719	2.0803
861.403	1.25238
863.085	1.52535
864.769	1.97722
866.452	1.43622
868.133	1.32255
869.816	1.25335
871.498	1.47697
873.179	0.888205
874.86	2.0366
876.54	1.17685
878.221	1.55824
879.902	2.07501
881.58	1.73351
883.26	1.50387
884.938	1.04705
886.618	1.15278
888.297	1.73022
889.974	1.85406
891.653	1.88562
893.329	1.78024
895.007	1.15594
896.683	1.79019
898.36	2.04007
900.035	2.26571
901.712	1.39197
903.387	1.7279
905.063	0.878351
906.737	1.54895
908.412	1.54997
910.085	1.55218
911.76	1.35535
913.433	1.75983
915.107	1.40909
916.779	1.6358
918.452	1.39659
920.124	1.09159
921.797	1.20816
923.467	1.12712
925.138	1.75518
926.81	1.06027
928.48	1.03022
930.151	0.295595
931.82	1.70218
933.489	1.96155
935.16	1.91229
936.828	1.75337
938.496	1.0443
940.165	1.39545
941.833	0.75556
943.5	1.55058
945.168	0.756567
946.834	0.645082
948.5	1.67908
950.168	1.65095
951.834	1.13591
953.499	0.952176
955.163	0.638308
956.83	1.07776
958.494	0.462715
960.158	0.402324
961.821	0.67502
963.487	0.947864
965.15	0.400423
966.812	0.977518
968.474	0.64406
970.138	1.01596
971.8	0.325018
973.461	0.563781
975.123	0.84859
976.783	1.00306
978.446	1.11526
980.106	1.09555
981.766	1.07525
983.425	0.809607
985.084	1.62613
986.743	0.469885
988.402	0.728016
990.06	1.38236
991.72	0.355616
993.378	1.07469
995.035	0.601092
996.692	0.856194
998.349	1.133
1000.01	2.48887
1001.66	0.957768
1003.32	1.82674
1004.97	0.978838
1006.63	1.16479
1008.28	1.24085
1009.94	0.746731
1011.59	0.845912
1013.25	1.01131
1014.9	0.673252
1016.55	0.598797
1018.21	0.590721
1019.86	0.583697
1021.51	0.77478
1023.16	0.508166
1024.81	0.526966
1026.47	1.50796
1028.12	0.937401
1029.77	1.48027
1031.42	1.23499
1033.07	0.965929
1034.72	1.10949
1036.37	1.22927
1038.02	0.541835
1039.67	0.617239
1041.31	1.30243
1042.96	0.684274
1044.61	1.45954
1046.26	0.911932
1047.91	1.56147
1049.55	1.67022
1051.2	1.17251
1052.84	1.17536
1054.49	0.917917
1056.14	1.20371
1057.78	1.22836
1059.43	1.49152
1061.07	1.49292
1062.72	1.44976
1064.36	1.90543
1066	0.83777
1067.65	1.37742
1069.29	1.15504
1070.93	1.47488
1072.58	0.86095
1074.22	1.33307
1075.86	0.439774
1077.5	0.914858
1079.14	0.632466
1080.78	1.15336
1082.42	1.3706
1084.06	0.871061
1085.7	1.30163
1087.34	1.12247
1088.98	1.04902
1090.62	1.1681
1092.26	1.19896
1093.9	0.81883
1095.54	0.612313
1097.17	0.601253
1098.81	0.570466
1100.45	1.51068
1102.09	0.688128
1103.72	0.922519
1105.36	1.07247
1106.99	0.749941
1108.63	0.835619
1110.27	1.19929
1111.9	0.679459
1113.53	-0.0353203
1115.17	1.07389
1116.8	0.550536
1118.43	1.9574
1120.07	0.19278
1121.7	0.808173
1123.33	1.31734
1124.97	1.39955
1126.6	1.88928
1128.23	0.711899
1129.86	1.05391
1131.49	1.03316
1133.12	0.499731
1134.75	0.928079
1136.38	0.564685
1138.01	0.135968
1139.64	1.03026
1141.27	0.235917
1142.9	0.807375
1144.53	0.802631
1146.16	0.862791
1147.78	0.135692
1149.41	0.411443
1151.04	0.091259
1152.67	0.154511
1154.29	0.387589
1155.92	0.258231
1157.54	-0.317962
1159.17	0.680586
1160.8	-0.148972
1162.42	0.405159
1164.05	0.832925
1165.67	0.219473
1167.29	0.286022
1168.92	0.308646
1170.54	0.265323
1172.16	-0.311524
1173.79	0.0230227
1175.41	-0.174767
1177.03	-0.0760689
1178.65	0.149853
1180.28	0.122349
1181.9	-0.0520515
1183.52	-0.0563154
1185.14	0.0873108
1186.76	0.335102
1188.38	-0.0314045
1190	0.506578
1191.62	0.367285
1193.24	-0.257056
1194.86	1.17668
1196.47	0.153746
1198.09	0.537534
1199.71	0.67174
1201.33	0.495377
1202.95	0.2601
1204.56	0.633586
1206.18	0.550531
1207.8	-0.240144
1209.41	0.20035
1211.03	0.660496
1212.64	0.409307
1214.26	0.822273
1215.87	0.398957
1217.49	0.244529
1219.1	0.567096
1220.71	0.494509
1222.33	1.66721
1223.94	0.829758
1225.55	0.761669
1227.16	1.13017
1228.78	1.14854
1230.39	1.37532
1232	1.39688
1233.61	1.29607
1235.22	1.07293
1236.83	1.36809
1238.44	0.941113
1240.05	0.928372
1241.66	1.68114
1243.27	1.56487
1244.88	1.86132
1246.49	1.20455
1248.1	1.08445
1249.71	1.12891
1251.32	1.46262
1252.92	1.87931
1254.53	1.13867
1256.14	1.6819
1257.74	1.75111
1259.35	1.8426
1260.96	1.23151
1262.56	2.09087
1264.17	1.89437
1265.77	1.05473
1267.38	0.690378
1268.98	1.27835
1270.59	2.50789
1272.19	0.9162
1273.79	1.39655
1275.4	1.10853
1277	1.48254
1278.6	1.54451
1280.21	1.72986
1281.81	1.211
1283.41	1.97536
1285.01	1.82999
1286.61	1.68596
1288.21	1.62606
1289.81	1.60873
1291.41	2.23261
1293.01	2.52561
1294.61	2.05312
1296.21	2.90075
1297.81	2.25916
1299.41	2.35862
1301.01	2.45585
1302.6	2.92196
1304.2	2.72736
1305.8	2.69659
1307.4	2.13121
1308.99	2.5308
1310.59	2.49923
1312.19	1.99747
1313.78	2.27489
1315.38	2.20582
1316.97	1.50527
1318.57	1.62253
1320.16	3.00331
1321.76	2.54736
1323.35	2.1918
1324.94	2.05818
1326.54	1.94332
1328.13	2.13213
1329.72	1.55196
1331.32	1.13711
1332.91	1.61496
1334.5	2.43822
1336.09	1.7089
1337.68	2.37261
1339.27	2.49037
1340.87	2.40418
1342.45	2.53649
1344.04	1.60054
1345.64	1.90999
1347.22	1.57745
1348.81	1.80873
1350.4	1.1023
1351.99	0.820127
1353.58	1.92026
1355.17	1.76216
1356.75	1.96427
1358.34	1.76613
1359.93	1.18745
1361.51	1.84532
1363.1	1.28463
1364.69	0.843792
1366.27	0.921819
1367.86	1.18003
1369.44	1.08128
1371.03	0.88491
1372.61	1.48628
1374.2	0.974742
1375.78	1.95638
1377.37	1.32636
1378.95	1.59108
1380.53	1.09834
1382.11	1.47932
1383.7	2.23618
1385.28	1.52026
1386.86	1.46002
1388.44	2.07522
1390.02	1.08305
1391.6	1.12456
1393.19	1.86136
1394.77	1.78513
1396.35	1.19311
1397.93	1.47266
1399.51	1.77049
1401.08	1.235
1402.66	0.837892
1404.24	0.97535
1405.82	1.01448
1407.4	1.46973
1408.97	1.60962
1410.55	1.59205
1412.13	1.2782
1413.71	1.35854
1415.28	1.47709
1416.86	1.49584
1418.43	2.63748
1420.01	1.63129
1421.59	1.65139
1423.16	2.10664
1424.73	2.05221
1426.31	2.07819
1427.88	2.30167
1429.46	2.24919
1431.03	2.74651
1432.6	3.39949
1434.18	3.55896
1435.75	3.77673
1437.32	3.75877
1438.89	3.85989
1440.46	3.92318
1442.04	3.67345
1443.61	3.83746
1445.18	3.70724
1446.75	3.18415
1448.32	3.32954
1449.89	3.75063
1451.46	3.99558
1453.03	4.16274
1454.6	3.91742
1456.16	3.53414
1457.73	4.11399
1459.3	3.37342
1460.87	4.14559
1462.44	3.12438
1464	3.16345
1465.57	2.72925
1467.14	2.13793
1468.7	3.05947
1470.27	2.54888
1471.83	1.64791
1473.4	1.57257
1474.96	1.18451
1476.53	1.79702
1478.09	1.5665
1479.66	1.59079
1481.22	0.458566
1482.78	1.54095
1484.35	1.506
1485.91	0.628209
1487.47	1.21866
1489.04	1.0239
1490.6	0.905203
1492.16	1.27264
1493.72	0.601485
1495.28	0.768407
1496.84	0.914129
1498.4	0.728442
1499.96	1.69054
1501.52	1.11829
1503.08	0.529409
1504.64	0.58206
1506.2	-0.216781
1507.76	0.164714
1509.32	0.582781
1510.88	0.438945
1512.44	0.448549
1513.99	-0.158126
1515.55	0.6016
1517.11	0.304407
1518.66	0.41151
1520.22	0.23182
1521.78	0.282317
1523.33	0.523398
1524.89	0.53384
1526.44	0.600189
1528	0.53193
1529.55	0.615305
1531.11	0.52758
1532.66	0.251154
1534.21	0.677165
1535.77	0.309086
1537.32	0.54755
1538.87	0.975093
1540.43	0.308646
1541.98	0.284051
1543.53	0.729839
1545.08	1.09929
1546.63	0.378419
1548.18	0.240436
1549.74	0.589987
1551.29	0.845454
1552.84	0.895333
1554.39	0.759435
1555.94	0.886966
1557.48	0.643267
1559.03	0.961957
1560.58	0.909757
1562.13	1.41919
1563.68	0.885309
1565.23	0.426632
1566.78	0.677049
1568.32	0.927225
1569.87	0.934309
1571.42	0.847581
1572.96	0.872499
1574.51	0.897241
1576.05	1.10869
1577.6	1.28308
1579.14	0.991278
1580.69	1.07363
1582.24	1.51186
1583.78	1.05464
1585.32	0.859667
1586.87	0.758601
1588.41	0.882042
1589.95	1.24856
1591.5	1.48376
1593.04	0.800965
1594.58	1.24126
1596.12	1.3821
1597.67	1.39238
1599.21	1.45975
1600.75	1.71566
1602.29	1.91607
1603.83	1.74105
1605.37	1.65886
1606.91	1.18014
1608.45	0.943091
1609.99	1.30462
1611.53	1.17461
1613.07	0.873262
1614.6	1.35894
1616.14	0.868258
1617.68	1.37221
1619.22	0.884189
1620.75	1.18497
1622.29	1.39363
1623.83	1.88404
1625.37	0.652181
1626.9	0.991812
1628.44	1.55414
1629.97	0.711789
1631.51	1.15859
1633.04	1.2869
1634.58	0.706143
1636.11	1.28372
1637.65	1.26514
1639.18	1.50832
1640.72	0.9686
1642.25	1.50896
1643.78	2.08464
1645.31	1.35554
1646.85	1.81632
1648.38	2.09025
1649.91	1.8816
1651.44	1.80441
1652.97	1.78454
1654.5	2.04421
1656.03	1.85966
1657.56	2.02713
1659.1	1.95263
1660.62	2.09863
1662.15	1.59508
1663.68	1.97807
1665.21	2.21198
1666.74	1.6156
1668.27	1.77761
1669.8	1.3884
1671.32	1.79366
1672.85	2.01584
1674.38	1.55712
1675.91	1.54011
1677.43	1.7613
1678.96	1.24508
1680.49	1.62893
1682.01	1.31318
1683.54	1.65843
1685.06	0.865672
1686.59	1.11963
1688.11	0.824009
1689.64	0.584133
1691.16	0.802505
1692.68	0.78284
1694.21	0.891127
1695.73	0.194715
1697.25	0.229572
1698.78	0.702227
1700.3	1.28326
1701.82	0.732163
1703.34	0.691378
1704.86	-0.296906
1706.39	0.171395
1707.91	0.711282
1709.43	0.578128
1710.95	0.354562
1712.47	0.60301
1713.99	0.1628
1715.51	0.881887
1717.02	0.749614
1718.54	0.183649
1720.06	0.593602
1721.58	0.840716
1723.1	0.150708
1724.62	-0.158778
1726.13	0.379944
1727.65	0.433792
1729.17	0.110883
1730.68	0.0424652
1732.2	0.224626
1733.72	0.488875
1735.23	0.175511
1736.75	0.212625
1738.26	0.385254
1739.78	0.387093
1741.29	0.0723715
1742.81	0.313042
1744.32	-0.103622
1745.84	0.411798
1747.35	0.324471
1748.86	0.159192
1750.37	0.0178747
1751.89	-0.114154
1753.4	-0.140169
1754.91	-0.164927
1756.42	-0.254587
1757.93	0.340719
1759.45	0.347456
1760.96	0.0724077
1762.47	0.370308
1763.98	0.0530615
1765.49	-0.0536346
1767	0.3023
1768.51	0.266913
1770.02	0.206902
1771.53	0.157376
1773.03	-0.00483799
1774.54	0.106906
1776.05	0.321499
1777.56	-0.0128889
1779.07	0.169968
1780.57	0.0732136
1782.08	0.238479
1783.59	-0.0343771
1785.09	0.461386
1786.6	0.126293
1788.11	0.00727177
1789.61	0.166824
1791.12	0.114261
1792.62	0.240176
1794.13	-0.073782
1795.63	0.0734091
1797.13	-0.0330973
1798.64	-0.0794954
1800.14	-0.22857
1801.65	0.0261822
1803.15	0.305661
1804.65	-0.163424
1806.15	0.236465
1807.66	0.0739269
1809.16	0.1065
1810.66	0.179344
1812.16	0.194637
1813.66	0.00238609
1815.16	-0.110597
1816.66	0.0644302
1818.16	0.173219
1819.66	0.0737591
1821.16	-0.415775
1822.66	-0.136762
1824.16	0.522331
1825.66	0.148096
1827.16	0.097724
1828.66	0.107269
1830.16	0.0882416
1831.65	-0.121879
1833.15	0.119481
1834.65	-0.243425
1836.14	-0.105826
1837.64	-0.207534
1839.14	0.266697
1840.63	0.260325
1842.13	0.11929
1843.62	-0.0572281
1845.12	0.624058
1846.61	0.151608
1848.11	0.331278
1849.6	0.133475
1851.1	0.152102
1852.59	0.158423
1854.08	-0.0902424
1855.58	-0.275809
1857.07	-0.464085
1858.56	0.525165
1860.05	-0.0973301
1861.55	0.00586224
1863.04	-0.0605326
1864.53	0.31886
1866.02	0.292562
1867.51	0.385354
1869	0.230264
1870.49	0.483918
1871.98	0.139034
1873.47	0.0563021
1874.96	0.218436
1876.45	0.340066
1877.94	-0.0178814
1879.43	0.112972
1880.92	-0.0162697
1882.41	0.220355
1882.51	0.238718
1884	-0.0232973
1885.5	-0.251163
1886.99	0.00788784
1888.48	-0.238739
1889.98	0.00224686
1891.47	0.470186
1892.96	0.0182018
1894.46	0.020443
1895.95	-0.0277233
1897.44	0.272879
1898.93	0.277772
1900.42	-0.257806
1901.91	-0.395079
1903.41	0.213574
1904.9	-0.0838099
1906.39	0.0177937
1907.88	0.397089
1909.37	0.377492
1910.86	0.168138
1912.35	0.0293303
1913.83	-0.282208
1915.32	-0.316079
1916.81	0.325835
1918.3	0.620168
1919.79	0.186069
1921.27	0.341041
1922.76	0.686855
1924.25	0.0813608
1925.74	0.360188
1927.22	-0.0349216
1928.71	0.0727482
1930.19	0.336262
1931.68	0.217917
1933.17	-0.144488
1934.65	-0.751035
1936.14	0.457766
1937.62	0.297865
1939.11	0.27585
1940.59	-0.108423
1942.07	0.250784
1943.56	-0.13091
1945.04	0.230159
1946.52	0.298373
1948.01	-0.0473223
1949.49	-0.152422
1950.97	0.103041
1952.45	0.0646372
1953.93	-0.249504
1955.42	0.553614
1956.9	0.274247
1958.38	0.116144
1959.86	0.302129
1961.34	-0.0944233
1962.82	-0.216177
1964.3	-0.218101
1965.78	-0.3062
1967.26	0.152729
1968.74	0.216956
1970.21	0.382977
1971.69	0.0360317
1973.17	0.679461
1974.65	-0.178841
1976.13	0.447096
1977.6	0.68062
1979.08	0.147993
1980.56	-0.0267487
1982.03	0.0535269
1983.51	0.269238
1984.99	0.603056
1986.46	0.0710936
1987.94	0.217815
1989.41	0.652541
1990.89	-0.0294619
1992.36	-0.168348
1993.84	0.116646
1995.31	0.0812492
1996.78	0.586979
1998.26	-0.0729532
1999.73	0.448847
2001.2	0.0582771
2002.68	0.359032
2004.15	-0.419591
2005.62	0.10035
2007.09	-0.0362206
2008.56	-0.508426
2010.04	-0.0366983
2011.51	0.0988016
2012.98	0.167006
2014.45	0.0159502
2015.92	0.234225
2017.39	0.215875
2018.86	0.0789194
2020.33	0.210304
2021.8	0.408554
2023.26	1.04339
2024.73	0.554468
2026.2	0.318866
2027.67	0.101771
2029.14	0.590833
2030.61	0.561527
2032.07	0.56691
2033.54	-0.132197
2035.01	0.175785
2036.47	-0.221998
2037.94	0.269969
2039.4	0.240704
2040.87	0.42989
2042.33	0.115157
2043.8	0.608438
2045.27	0.160827
2046.73	-0.0169744
2048.19	0.327573
2049.66	0.301335
2051.12	0.0884733
2052.59	0.750696
2054.05	0.0954647
2055.51	0.635588
2056.97	0.533252
2058.44	0.39634
2059.9	0.0740614
2061.36	0.0555573
2062.82	0.694441
2064.28	0.223457
2065.74	0.511013
2067.21	0.0758896
2068.67	-0.240817
2070.13	0.637897
2071.59	-0.385482
2073.05	0.358658
2074.51	0.429092
2075.96	0.583352
2077.42	0.33303
2078.88	0.267492
2080.34	0.218285
2081.8	0.471513
2083.26	0.521895
2084.72	0.201181
2086.17	0.485424
2087.63	0.566953
2089.09	-0.0243196
2090.54	0.409402
2092	0.322143
2093.45	0.201318
2094.91	0.28158
2096.37	0.696392
2097.82	0.657676
2099.28	0.601544
2100.73	-0.291013
2102.19	0.672842
2103.64	-0.0503016
2105.09	0.447167
2106.55	0.929076
2108	0.19439
2109.45	0.694398
2110.91	0.793451
2112.36	0.524321
2113.81	0.936278
2115.26	0.513783
2116.72	0.706061
2118.17	0.815305
2119.62	0.444565
2121.07	0.308695
2122.52	0.639467
2123.97	0.888855
2125.42	0.508878
2126.87	0.377382
2128.32	0.294549
2129.77	0.574795
2131.22	0.671148
2132.67	0.832685
2134.11	-0.0151291
2135.56	0.62691
2137.01	0.559311
2138.46	0.923493
2139.91	1.07498
2141.35	0.947402
2142.8	0.29197
2144.25	0.612802
2145.7	0.470654
2147.14	0.791661
2148.59	1.14532
2150.03	1.21653
2151.48	1.08777
2152.92	1.22296
2154.37	1.10865
2155.81	0.629339
2157.26	1.09441
2158.7	1.11299
2160.15	1.03369
2161.59	0.856918
2163.03	1.17947
2164.47	1.48757
2165.92	1.23262
2167.36	1.49226
2168.8	1.60139
2170.24	1.90811
2171.69	1.33076
2173.13	1.78241
2174.57	1.45053
2176.01	1.55046
2177.45	1.66719
2178.89	2.01755
2180.33	1.38818
2181.77	1.27522
2183.21	1.41236
2184.65	1.53326
2186.09	1.17183
2187.53	1.3594
2188.97	0.548544
2190.4	1.13558
2191.84	1.57269
2193.28	1.34304
2194.72	1.09518
2196.16	1.29474
2197.59	1.10916
2199.03	0.988302
2200.47	1.39808
2201.9	1.27577
2203.34	0.789393
2204.77	1.59819
2206.21	1.14782
2207.64	0.681906
2209.08	1.07728
2210.51	0.941766
2211.95	0.954115
2213.38	0.882936
2214.82	0.861243
2216.25	1.17039
2217.68	0.738086
2219.12	0.159174
2220.55	0.339953
2221.98	0.685589
2223.41	0.783087
2224.85	0.631935
2226.28	0.429681
2227.71	0.669794
2229.14	0.842287
2230.57	0.537752
2232	0.528608
2233.43	0.798057
2234.86	0.724385
2236.29	0.243773
2237.72	0.66354
2239.15	0.840179
2240.58	0.562263
2242.01	0.612693
2243.44	0.158915
2244.87	0.570003
2246.29	0.882522
2247.72	0.573452
2249.15	0.506663
2250.58	0.453743
2252.01	0.610525
2253.43	0.701005
2254.86	0.59668
2256.29	0.494135
2257.71	0.540393
2259.14	-0.0591125
2260.56	-0.152478
2261.99	-0.14593
2263.41	0.333307
2264.84	0.0821829
2266.26	0.399485
2267.69	0.407144
2269.11	0.592793
2270.53	0.321853
2271.96	0.66894
2273.38	0.625109
2274.8	0.271836
2276.23	0.521501
2277.65	0.59221
2279.07	0.304379
2280.49	-0.0325928
2281.91	0.184697
2283.34	0.0757093
2284.76	0.864224
2286.18	0.869893
2287.6	0.271855
2289.02	0.392588
2290.44	0.415824
2291.86	0.619211
2293.28	-0.240107
2294.7	0.388689
2296.12	0.330456
2297.54	0.353989
2298.96	-0.0974989
2300.37	0.237523
2301.79	0.0976353
2303.21	0.335255
2304.63	-0.00121403
2306.04	0.25312
2307.46	0.228004
2308.88	0.268024
2310.3	0.274529
2311.71	-0.0648375
2313.13	0.138523
2314.54	-0.200725
2315.96	0.234469
2317.37	0.275527
2318.79	0.234706
2320.2	0.0946312
2321.62	0.233745
2323.03	-0.190249
2324.45	0.604467
2325.86	-0.0885038
2327.27	0.618926
2328.69	0.863256
2330.1	0.366304
2331.51	-0.129164
2332.92	0.397349
2334.34	0.299267
2335.75	-0.0452433
2337.16	0.333572
2338.57	0.398705
2339.98	0.166718
2341.39	-0.394494
2342.8	-0.151391
2344.21	0.124137
2345.63	0.366817
2347.04	0.216417
2348.45	-0.130191
2349.85	0.439312
2351.26	0.0590563
2352.67	0.396965
2354.08	-0.262133
2355.49	0.04105
2356.9	0.620028
2358.3	0.124227
2359.71	0.295765
2361.12	0.0775242
2362.53	0.23263
2363.93	-0.0985832
2365.34	-0.332085
2366.75	0.162368
2368.15	-0.134655
2369.56	-0.0106268
2370.97	-0.0143261
2372.37	0.208965
2373.77	0.803514
2375.18	-0.00237656
2376.59	0.17347
2377.99	-0.23091
2379.39	0.0866671
2380.8	0.225309
2382.2	0.0574341
2383.6	0.241291
2385.01	0.0565262
2386.41	-0.0395031
2387.81	-0.134351
2389.21	0.433949
2390.62	0.174239
2392.02	0.0594969
2393.42	-0.133564
2394.82	0.151589
2396.22	0.167011
2397.62	0.294373
2399.02	0.0727444
2400.42	0.391882
2401.82	0.330055
2403.22	-0.0493221
2404.62	-0.111399
2406.02	-0.0791121
2407.42	0.269497
2408.82	0.141132
2410.22	0.250288
2411.62	-0.0206709
2413.01	0.390459
2414.41	0.39109
2415.81	0.330046
2417.21	-0.0461388
2418.6	0.0219364
2420	-0.210471
2421.4	0.047966
2422.79	0.242735
2424.19	0.342179
2425.59	0.077239
2426.98	0.367486
2428.38	0.5003
2429.77	0.729426
2431.17	0.277274
2432.56	0.364622
2433.95	0.356174
2435.35	-0.0983353
2436.74	0.0650282
2438.14	0.210865
2439.53	0.402888
2440.92	-0.231978
2442.31	-0.168537
2443.71	-0.0578489
2445.1	0.0366936
2446.49	-0.0275612
2447.88	0.11411
2449.27	-0.124533
2450.67	0.223105
2452.06	0.349462
2453.45	0.0335474
2454.84	0.0825682
2456.23	-0.0416708
2457.62	0.166631
2459.01	-0.337011
2460.4	-0.113672
2461.79	0.0454817
2463.18	0.203688
2464.57	-0.0970478
2465.95	0.265413
2467.34	-0.0197525
2468.73	-0.146943
2470.12	0.325064
2471.5	0.402031
2472.89	0.0685635
2474.28	-0.170851
2475.67	-0.0488157
2477.05	0.276947
2478.44	0.366545
2479.82	-0.108737
2481.21	0.23226
2482.6	0.447311
2483.98	0.0666237
2485.37	0.264331
2486.75	0.272913
2488.13	-0.0786457
2489.52	0.162066
2490.9	0.246342
2492.29	0.191056
2493.67	0.540779
2495.05	-0.34971
2496.44	-0.291821
2497.82	-0.0162811
2499.2	-0.158743
2500.58	0.255471
2501.97	0.220004
2503.35	0.121759
2504.73	0.0535736
2506.11	-0.0921907
2507.49	0.0853043
2508.87	0.0319262
2510.25	0.0558996
2511.63	0.0958633
2513.01	0.105927
2514.39	0.070961
2515.77	-0.269133
2517.15	0.0803795
2518.53	-0.319061
2519.91	-0.0302572
2521.29	0.395421
2522.67	-0.202769
2524.05	-0.129939
2525.42	0.246823
2526.8	0.181067
2528.18	-0.386277
2529.55	0.249572
2530.93	0.0809011
2532.31	0.38521
2533.69	0.128792
2535.06	0.116275
2536.44	-0.0330029
2537.81	-0.334873
2539.19	-0.0453234
2540.56	-0.242661
2541.94	-0.242953
2543.31	0.121166
2544.69	-0.211782
2546.06	-0.300664
2547.44	0.415675
2548.81	-0.00473118
2550.18	-0.01548
2551.56	0.32231
2552.93	0.158316
2554.3	-0.234416
2555.67	0.38853
2557.04	0.267337
2558.42	-0.0358992
2559.79	0.479902
2561.16	0.61716
2562.53	0.315619
2563.9	0.105695
2565.27	0.62364
2566.64	-0.206864
2568.01	0.235699
2569.38	0.208472
2570.75	-0.106734
2572.12	0.517829
2573.49	0.248205
2574.86	0.115081
2576.23	0.558086
2577.6	-0.0147915
2578.97	0.064024
2580.33	-0.221451
2581.7	0.46306
2583.07	0.0251236
2584.44	-0.109798
2585.8	0.331255
2587.17	-0.0158024
2588.54	0.198152
2589.9	0.0939522
2591.27	0.232088
2592.64	0.490903
2594	0.354867
2595.37	-0.0396643
2596.73	0.231009
2598.1	0.137462
2599.46	0.013361
2600.83	0.101045
2602.19	0.00793934
2603.55	0.126973
2604.92	0.231427
2606.28	0.109758
2607.64	0.394958
2609.01	0.0761175
2610.37	-0.108113
2611.73	-0.203183
2613.09	-0.179025
2614.46	-0.0656185
2615.82	-0.177814
2617.18	-0.0796814
2618.54	0.0488453
2619.9	-0.106346
2621.26	0.232924
2622.62	0.0343628
2623.98	-0.0442209
2625.34	-0.0332289
2626.7	0.365195
2628.06	0.0325193
2629.42	-0.0170851
2630.78	-0.111474
2632.14	0.18068
2633.5	0.353471
2634.86	0.303315
2636.21	0.312527
2637.57	0.114247
2638.93	0.553006
2640.29	0.13315
2641.64	-0.448411
2643	0.00527382
2644.36	-0.279645
2645.71	0.202884
2647.07	0.1241
2648.43	0.486572
2649.78	-0.241485
2651.14	-0.233809
2652.49	0.199403
2653.85	0.42656
2655.2	0.0824556
2656.56	-0.0694885
2657.91	0.0141916
2659.26	0.0109606
2660.62	0.125146
2661.97	-0.0386038
2663.32	0.293796
2664.68	0.332959
2666.03	0.28371
2667.38	0.481749
2668.74	0.00951767
2670.09	0.105786
2671.44	0.158846
2672.79	0.212515
2674.14	0.00540161
2675.49	0.307137
2676.84	0.29003
2678.19	0.157628
2679.54	0.0697012
2680.89	0.113403
2682.24	0.201879
2683.59	0.0741501
2684.94	0.0199223
2686.29	0.532049
2687.64	0.0718737
2688.99	-0.157519
2690.34	-0.0983629
2691.69	-0.287885
2693.03	0.681775
2694.38	0.18486
2695.73	0.557813
2697.08	0.134348
2698.42	0.262877
2699.77	0.320783
2701.12	0.424044
2702.46	0.47108
2703.81	0.432381
2705.15	0.220259
2706.5	-0.108031
2707.85	0.564345
2709.19	0.162599
2710.54	0.108648
2711.88	0.272272
2713.22	0.726459
2714.57	0.250572
2715.91	0.370462
2717.26	0.388451
2718.6	0.784414
2719.94	0.467141
2721.29	0.716818
2722.63	0.645797
2723.97	0.763445
2725.31	0.414816
2726.66	0.356873
2728	0.575104
2729.34	0.109062
2730.68	0.719699
2732.02	0.413579
2733.36	0.354918
2734.7	0.485551
2736.04	0.543662
2737.38	0.732813
2738.72	0.41291
2740.06	0.121857
2741.4	0.353798
2742.74	0.454114
2744.08	0.0304184
2745.42	0.448927
2746.76	0.0388918
2748.09	0.238639
2749.43	0.0465069
2750.77	0.275333
2752.11	0.257794
2753.45	0.0810995
2754.78	0.266909
2756.12	0.235489
2757.46	0.262178
2758.79	-0.0148659
2760.13	-0.175597
2761.46	0.0838909
2762.8	0.141253
2764.14	-0.162776
2765.47	0.271103
2766.8	0.227014
2768.14	0.456753
2769.47	0.352371
2770.81	-0.100356
2772.14	0.399133
2773.48	-0.055625
2774.81	-0.236292
2776.14	-0.0710011
2777.48	-0.0639381
2778.81	0.590822
2780.14	-0.0768614
2781.47	-0.298102
2782.8	0.270357
2784.14	0.135252
2785.47	-0.343672
2786.8	0.266758
2788.13	-0.125037
2789.46	0.400095
2790.79	-0.103989
2792.12	-0.106476
2793.45	-0.00840282
2794.78	-0.0818281
2796.11	0.273078
2797.44	0.298653
2798.77	0.0665798
2800.1	0.13394
2801.43	0.172413
2802.76	0.153602
2804.09	0.091773
2805.41	-0.198339
2806.74	0.265626
2808.07	0.244667
2809.4	0.138003
2810.72	-0.266697
2812.05	-0.00320721
2813.38	0.13351
2814.71	0.385087
2816.03	0.368811
2817.36	0.367968
2818.68	0.282745
2820.01	-0.185143
2821.33	0.182731
2822.66	0.52147
2823.98	0.377671
2825.31	0.191055
2826.63	0.38692
2827.96	0.569112
2829.28	0.695258
2830.6	0.538802
2831.93	0.311828
2833.25	0.976571
2834.57	0.749185
2835.9	1.54023
2837.22	0.957899
2838.54	1.93135
2839.86	1.61712
2841.18	2.4201
2842.5	2.84158
2843.83	3.37684
2845.15	4.04018
2846.47	4.37935
2847.79	4.25268
2849.11	4.9458
2850.43	5.05903
2851.75	4.93126
2853.07	5.29739
2854.39	5.35198
2855.71	5.50517
2857.03	5.51702
2858.35	5.31709
2859.66	5.27253
2860.98	5.94787
2862.3	5.52134
2863.62	5.63078
2864.94	5.55633
2866.25	6.51166
2867.57	6.18352
2868.89	5.92668
2870.2	6.91117
2871.52	6.09135
2872.84	6.61028
2874.15	6.78973
2875.47	6.5872
2876.78	6.63663
2878.1	7.76828
2879.41	7.60442
2880.73	7.35686
2882.04	7.51824
2883.36	7.13338
2884.67	7.67693
2885.99	7.88426
2887.3	7.06707
2888.61	8.08775
2889.93	7.42336
2891.24	7.71164
2892.55	7.99872
2893.86	7.43074
2895.18	7.47994
2896.49	8.07621
2897.8	7.93209
2899.11	7.88756
2900.42	8.11007
2901.73	7.88564
2903.05	8.38893
2904.36	8.48676
2905.67	8.48712
2906.98	8.20858
2908.29	8.65865
2909.6	8.31263
2910.91	7.96733
2912.21	8.74169
2913.52	9.06724
2914.83	8.62071
2916.14	9.17961
2917.45	9.45603
2918.76	9.26907
2920.07	9.55751
2921.37	9.76288
2922.68	9.81625
2923.99	10.0395
2925.29	9.57951
2926.6	10.1549
2927.91	9.75186
2929.22	9.85153
2930.52	10.2999
2931.83	9.76893
2933.13	10.5516
2934.44	10.1741
2935.74	10.4536
2937.05	9.36384
2938.35	9.62997
2939.66	9.53317
2940.96	9.19958
2942.26	9.06284
2943.57	8.69021
2944.87	8.05372
2946.18	8.17368
2947.48	7.4971
2948.78	7.1836
2950.08	7.21843
2951.39	6.92888
2952.69	6.80483
2953.99	6.46895
2955.29	6.77659
2956.59	6.70739
2957.9	5.96899
2959.2	6.60591
2960.5	6.09833
2961.8	5.95729
2963.1	5.52249
2964.4	5.46545
2965.7	5.6454
2967	5.50021
2968.3	5.21263
2969.6	4.3474
2970.9	4.73342
2972.19	4.14927
2973.49	4.49404
2974.79	4.1915
2976.09	4.04297
2977.39	3.87881
2978.68	4.21952
2979.98	3.26296
2981.28	3.10754
2982.58	3.07818
2983.87	3.55537
2985.17	3.1762
2986.47	2.71471
2987.76	2.18476
2989.06	2.83637
2990.35	2.11114
2991.65	1.68047
2992.94	1.93737
2994.24	1.95395
2995.53	1.75858
2996.83	1.49236
2998.12	1.88572
2999.42	1.54963
3000.71	1.31259
3002	1.23058
3003.3	1.40134
3004.59	0.759677
3005.88	1.01442
3007.18	0.890391
3008.47	1.11539
3009.76	0.891728
3011.05	0.555799
3012.34	0.555019
3013.64	-0.0177002
3014.93	0.609756
3016.22	0.512724
3017.51	-0.00100517
3018.8	0.683102
3020.09	0.671237
3021.38	0.450473
3022.67	0.00691032
3023.96	0.229175
3025.25	-0.0210981
3026.54	0.0890265
3027.83	-0.340175
3029.12	0.0897312
3030.41	0.603526
3031.69	0.206964
3032.98	0.267498
3034.27	0.355994
3035.56	-0.204445
3036.84	0.00648212
3038.13	0.07757
3039.42	-0.362573
3040.71	0.0626755
3041.99	0.197651
3043.28	0.0444088
3044.57	0.125223
3045.85	-0.257236
3047.14	0.319581
3048.42	-0.153092
3049.71	0.0729685
3050.99	0.232426
3052.28	0.0653305
3053.56	-0.0197849
3054.85	-0.241893
3056.13	-0.369391
3057.41	-0.143379
3058.7	-0.258941
3059.98	0.673847
3061.26	-0.217465
3062.55	0.14452
3063.83	0.0590343
3065.11	0.179198
3066.39	0.300885
3067.68	-0.324088
3068.96	0.207158
3070.24	-0.200068
3071.52	0.262318
3072.8	-0.0108957
3074.08	0.109036
3075.36	-0.0981226
3076.65	-0.115202
3077.93	0.207541
3079.21	0.00205612
3080.49	-0.41872
3081.77	-0.0917149
3083.04	-0.0481987
3084.32	0.0639868
3085.6	0.162826
3086.88	0.0441227
3088.16	-0.482437
3089.44	0.0219393
3090.72	0.308675
3091.99	0.0118685
3093.27	-0.0268555
3094.55	0.260303
3095.83	0.113872
3097.1	-0.0865421
3098.38	0.201082
3099.66	-0.378665
3100.93	0.423617
3102.21	-0.0202713
3103.49	0.172778
3104.76	0.0415158
3106.04	-0.075305
3107.31	-0.0828114
3108.59	0.0326338
3109.86	0.122231
3111.14	0.158828
3112.41	0.128624
3113.69	0.0176411
3114.96	0.17776
3116.23	-0.0827203
3117.51	-0.0863662
3118.78	-0.185907
3120.05	-0.00160503
3121.33	0.425839
3122.6	0.052916
3123.87	0.289771
3125.14	0.648606
3126.41	0.276885
3127.69	0.149684
3128.96	0.117905
3130.23	0.43816
3131.5	0.515196
3132.77	0.916457
3134.04	0.304147
3135.31	0.663964
3136.58	0.672161
3137.85	0.747345
3139.12	0.310268
3140.39	0.721797
3141.66	0.285653
3142.93	0.267229
3144.2	0.58508
3145.47	0.581279
3146.74	0.591746
3148	0.736973
3149.27	0.976549
