200.43	0.492245
202.244	0.509095
204.059	0.527173
205.873	0.546254
207.688	0.322579
209.501	-0.144361
211.314	0.213954
213.127	0.352183
214.941	0.367929
216.753	0.0922384
218.564	-0.425157
220.375	0.0752916
222.186	0.116443
223.999	-0.0832911
225.809	0.636058
227.618	-0.166949
229.428	-0.824718
231.236	0.665667
233.045	0.0556021
234.855	0.218088
236.663	0.550401
238.471	0.233913
240.278	0.0645218
242.085	-0.175073
243.891	0.141294
245.698	0.168334
247.503	0.169811
249.309	-0.314188
251.116	-0.245739
252.921	0.471723
254.725	-0.0916777
256.529	0.912228
258.333	0.277267
260.136	0.0780535
261.939	0.3144
263.742	-0.0980568
265.544	0.430143
267.346	-0.270193
269.148	-0.223828
270.949	-0.12997
272.75	0.0592813
274.55	0.0543213
276.351	0.626344
278.15	0.23234
279.95	-0.0910244
281.749	-0.223383
283.548	0.0274887
285.346	-0.252032
287.144	0.356304
288.942	-0.0915928
290.739	1.04308
292.536	0.118718
294.333	-0.0851965
296.129	0.597148
297.925	0.22844
299.721	0.0755329
301.514	-0.172984
303.309	0.604567
305.104	0.401791
306.898	-0.016366
308.692	0.686079
310.486	-0.017396
312.279	0.0906429
314.072	0.104951
315.862	0.216268
317.654	-0.027854
319.446	0.134369
321.238	0.226356
323.029	0.128431
324.819	0.150136
326.608	-0.233947
328.398	0.169726
330.188	-0.000486374
331.977	0.115015
333.766	0.0136442
335.553	-0.113746
337.341	-0.362928
339.129	0.319028
340.917	0.592477
342.704	-0.258621
344.489	0.181189
346.275	0.215079
348.062	0.177986
349.845	0.332375
351.631	0.319675
353.416	-0.123063
355.201	0.339916
356.984	-0.29556
358.768	0.61732
360.552	0.646785
362.333	-0.0624447
364.116	0.227347
365.899	0.373409
367.68	0.209868
369.462	0.0220833
371.243	0.11808
373.023	0.544407
374.804	0.402197
376.585	0.56723
378.363	0.0485792
380.143	0.120777
381.923	-0.582789
383.7	0.0565653
385.479	-0.0794182
387.256	0.138345
389.034	0.0986309
390.812	0.623555
392.588	-0.377335
394.365	-0.0154772
396.14	0.745967
397.916	0.239351
399.691	0.578044
401.467	0.399604
403.24	0.197042
405.015	0.4635
406.788	0.118599
408.563	0.383654
410.335	0.413527
412.109	0.748501
413.88	0.708333
415.654	0.223085
417.424	-0.0267448
419.197	-0.0178642
420.967	0.36678
422.739	0.0705652
424.508	0.0787992
426.279	0.414834
428.048	0.303987
429.819	-0.0889969
431.587	-0.082962
433.356	-0.0531769
435.124	0.0238485
436.891	-0.157316
438.66	0.0129223
440.426	0.322545
442.194	-0.026722
443.96	0.114581
445.725	0.230474
447.492	0.391786
449.257	-0.266114
451.021	-0.221883
452.787	0.0793381
454.551	0.24033
456.314	-0.251549
458.079	-0.183879
459.842	0.0931549
461.604	-0.117944
463.368	0.0909834
465.13	0.673768
466.891	-0.0419264
468.654	0.104701
470.415	-0.0258074
472.175	-0.528181
473.935	0.0159225
475.696	0.139628
477.456	0.727204
479.215	0.288003
480.973	-0.0356874
482.733	0.665546
484.491	-0.0528498
486.249	0.628136
488.006	0.356143
489.765	0.389065
491.522	0.329685
493.278	0.714785
495.034	-0.115293
496.789	0.200001
498.544	0.913906
500.301	1.27689
502.056	0.70098
503.81	0.170235
505.564	0.389753
507.317	0.702246
509.071	0.495928
510.825	0.711433
512.578	0.666548
514.33	0.714265
516.082	0.407707
517.833	0.99377
519.585	0.873124
521.335	0.352369
523.086	0.747517
524.836	0.555238
526.586	0.456964
528.335	0.757402
530.085	0.916814
531.835	0.138771
533.584	0.812117
535.332	0.313864
537.08	0.796569
538.827	0.086278
540.574	0.0526371
542.321	0.297804
544.068	-0.318792
545.814	0.390517
547.56	-0.0389338
549.305	0.390569
551.05	0.194093
552.795	0.368313
554.54	0.195743
556.282	0.185372
558.025	0.083128
559.769	0.188893
561.512	0.0878258
563.255	-0.656583
564.997	-0.1122
566.739	0.661744
568.481	0.0810471
570.223	0.282151
571.964	0.461494
573.705	0.321243
575.443	0.297425
577.183	0.160495
578.923	-0.181854
580.663	0.0733633
582.402	0.260012
584.141	0.308395
585.879	0.723804
587.615	0.471078
589.353	0.24006
591.09	0.284177
592.828	0.465811
594.564	0.578248
596.299	0.644707
598.035	0.0439329
599.771	0.340081
601.506	-0.00871181
603.242	0.216374
604.974	0.347965
606.709	0.248363
608.443	-0.242332
610.177	-0.0899868
611.908	0.291992
613.642	-0.0364122
615.374	0.163227
617.105	-0.04949
618.837	-0.0564041
620.569	0.439263
622.3	-0.119146
624.03	-0.220433
625.761	-0.138877
627.491	0.0576735
629.219	0.0961266
630.949	0.958221
632.677	-0.0487995
634.406	0.405657
636.135	0.654542
637.861	-0.193921
639.59	0.278996
641.318	0.29248
643.043	0.508674
644.77	0.313362
646.495	0.277909
648.222	0.92621
649.948	-0.172634
651.672	-0.0405092
653.398	0.458992
655.121	0.689374
656.846	0.831403
658.569	0.678407
660.293	-0.0685453
662.015	0.300672
663.738	0.851076
665.46	0.393662
667.183	0.551489
668.903	1.12027
670.626	0.454618
672.346	0.316793
674.067	0.593375
675.787	1.05588
677.508	0.717552
679.226	0.585417
680.947	0.727948
682.665	0.293781
684.385	0.13323
686.102	0.546318
687.821	-0.308706
689.538	0.585648
691.254	0.696184
692.972	0.230225
694.688	0.201231
696.406	0.723962
698.121	-0.043891
699.835	0.982473
701.552	1.2017
703.266	0.339474
704.98	0.786831
706.695	0.45269
708.409	0.737825
710.121	0.999193
711.836	0.389783
713.548	0.924792
715.26	0.818765
716.973	0.210547
718.685	0.78971
720.396	0.821017
722.108	0.966268
723.818	0.997574
725.528	0.483109
727.238	1.05949
728.949	1.74784
730.658	0.870164
732.367	1.3074
734.075	0.815903
735.785	0.913083
737.493	1.07817
739.2	1.94299
740.907	1.56757
742.614	1.3066
744.322	1.1599
746.028	1.62238
747.734	0.826165
749.439	1.65112
751.144	0.857842
752.849	1.05552
754.555	1.52459
756.26	1.50033
757.963	0.509458
759.667	1.4339
761.37	0.917797
763.073	1.21374
764.775	1.21634
766.477	1.55676
768.179	2.12176
769.883	1.50905
771.584	1.34629
773.285	2.06398
774.986	1.35656
776.686	1.07933
778.386	1.91131
780.085	1.99877
781.785	1.1599
783.484	1.18065
785.182	1.92472
786.881	1.87428
788.579	1.36797
790.276	1.71832
791.974	1.70377
793.671	1.57466
795.367	1.73873
797.064	1.81323
798.76	1.16861
800.456	1.49446
802.151	1.9114
803.846	1.22675
805.541	1.98124
807.234	2.06014
808.928	1.98053
810.622	2.03443
812.315	2.01998
814.008	2.00494
815.701	2.34784
817.394	1.97433
819.086	1.7803
820.778	2.30134
822.468	2.10794
824.159	2.38386
825.85	2.2821
827.541	1.60357
829.231	1.3736
830.921	1.39163
832.609	1.96947
834.298	1.81443
835.987	1.57106
837.676	1.50578
839.364	1.50627
841.051	1.32649
842.738	1.32401
844.426	1.65621
846.113	0.983382
847.798	1.4298
849.484	1.61061
851.171	1.70463
852.857	1.91289
854.54	1.71869
856.226	1.47902
857.911	1.61998
859.593	1.06194
861.278	0.771531
862.961	1.62815
864.645	1.26722
866.327	0.950198
868.01	1.0157
869.692	1.171
871.373	1.25836
873.055	1.27786
874.735	0.59781
876.416	1.54239
878.097	0.907342
879.776	0.272035
881.457	1.3068
883.135	1.41538
884.815	1.20681
886.495	0.929194
888.172	1.39474
889.851	0.888599
891.528	1.05767
893.206	0.324367
894.882	1.36872
896.56	1.10627
898.237	0.933147
899.912	0.983802
901.589	1.23516
903.263	1.01542
904.94	1.10889
906.614	1.22469
908.289	0.76115
909.962	1.19032
911.635	1.01881
913.31	1.22615
914.982	0.967182
916.656	1.10804
918.328	1.24858
920.001	0.968254
921.672	0.932332
923.345	1.45017
925.015	0.312173
926.685	1.5176
928.357	1.13461
930.026	0.995834
931.698	1.03431
933.366	1.09512
935.035	1.50901
936.705	1.17336
938.373	0.596013
940.041	0.240359
941.71	0.768159
943.377	0.679076
945.044	0.898827
946.712	0.698153
948.378	0.34118
950.044	0.710772
951.709	0.748025
953.376	0.851433
955.041	0.80194
956.706	0.490512
958.372	0.843838
960.036	0.913332
961.699	0.653169
963.362	0.856749
965.027	0.727204
966.69	0.285201
968.352	0.725413
970.014	0.14585
971.676	0.870629
973.339	0.379231
975	0.619064
976.661	0.639517
978.322	0.993285
979.982	0.606639
981.642	0.219416
983.303	1.17012
984.962	1.23347
986.621	1.51597
988.28	0.712321
989.938	0.925309
991.596	0.62909
993.254	1.12817
994.911	0.85415
996.57	0.734985
998.227	0.351357
999.884	0.959572
1001.54	1.39046
1003.2	0.257853
1004.85	0.445965
1006.51	1.05121
1008.16	0.86516
1009.82	0.548029
1011.47	0.626486
1013.12	0.749127
1014.78	0.828213
1016.43	0.316539
1018.08	0.965563
1019.74	0.411891
1021.39	0.624878
1023.04	0.336107
1024.69	0.485481
1026.34	0.788365
1028	1.06937
1029.65	0.519516
1031.3	0.602077
1032.95	0.180908
1034.6	0.347668
1036.25	0.491056
1037.9	0.393773
1039.54	0.601282
1041.19	0.874361
1042.84	0.71363
1044.49	0.815546
1046.14	1.18
1047.78	0.764444
1049.43	0.654659
1051.08	0.91538
1052.72	0.373215
1054.37	0.678654
1056.02	0.810364
1057.66	0.246199
1059.31	0.11622
1060.95	0.0725794
1062.6	-0.0370331
1064.24	0.396074
1065.88	0.371534
1067.53	0.0199356
1069.17	0.623555
1070.81	0.552832
1072.45	0.351789
1074.1	-0.0873041
1075.74	0.494349
1077.38	0.209553
1079.02	0.728385
1080.66	0.814264
1082.3	0.444786
1083.94	0.594876
1085.58	0.721636
1087.22	0.456246
1088.86	0.68712
1090.5	0.245153
1092.14	0.127014
1093.78	-0.0345888
1095.42	0.343639
1097.05	-0.0540447
1098.69	0.239473
1100.33	0.146799
1101.96	0.31429
1103.6	0.4619
1105.24	0.438701
1106.87	0.760217
1108.51	0.371713
1110.14	0.283294
1111.78	0.709214
1113.41	0.0590467
1115.05	0.82527
1116.68	0.238331
1118.31	0.038168
1119.95	0.610188
1121.58	-0.209276
1123.21	0.150233
1124.85	0.189487
1126.48	-0.326544
1128.11	0.527009
1129.74	0.825062
1131.37	0.311231
1133	0.289477
1134.63	0.60962
1136.26	0.0955315
1137.89	0.114822
1139.52	-0.123369
1141.15	-0.276931
1142.78	0.166647
1144.41	0.247319
1146.04	0.0727558
1147.66	0.176305
1149.29	0.152814
1150.92	0.683621
1152.55	0.149449
1154.17	-0.214469
1155.8	0.740969
1157.43	0.887183
1159.05	0.395588
1160.68	-0.307561
1162.3	0.202517
1163.93	0.160713
1165.55	0.204473
1167.17	-0.389856
1168.8	-0.0921793
1170.42	0.203792
1172.05	0.306442
1173.67	-0.272184
1175.29	0.294435
1176.91	-0.157891
1178.54	-0.355154
1180.16	0.40105
1181.78	-0.260177
1183.4	0.0736933
1185.02	0.195935
1186.64	-0.189644
1188.26	0.120067
1189.88	0.153286
1191.5	0.247712
1193.12	0.130146
1194.74	-0.197894
1196.36	-0.18954
1197.97	-0.347853
1199.59	0.499701
1201.21	0.428503
1202.83	0.401856
1204.44	-0.0395527
1206.06	0.0430412
1207.68	0.752766
1209.29	0.398787
1210.91	0.398684
1212.52	-0.103467
1214.14	0.288739
1215.75	0.116034
1217.37	0.545117
1218.98	0.411224
1220.59	0.318988
1222.21	0.538671
1223.82	0.344787
1225.43	0.628923
1227.05	0.458983
1228.66	0.931803
1230.27	0.764597
1231.88	0.970798
1233.49	1.30219
1235.1	1.53151
1236.72	1.10074
1238.33	0.52622
1239.94	0.717235
1241.55	1.03265
1243.16	1.22376
1244.76	0.77269
1246.37	1.21031
1247.98	0.777795
1249.59	1.02734
1251.2	1.35924
1252.8	1.05005
1254.41	1.52763
1256.02	0.951443
1257.62	1.07978
1259.23	0.961073
1260.84	0.80181
1262.44	0.642931
1264.05	0.981137
1265.66	1.13268
1267.26	1.22138
1268.86	1.18475
1270.47	1.43732
1272.07	1.37777
1273.67	1.44153
1275.28	1.35911
1276.88	1.48297
1278.48	1.10872
1280.09	1.62447
1281.69	1.53923
1283.29	1.10248
1284.89	0.89412
1286.49	1.61708
1288.09	1.12134
1289.69	2.03199
1291.29	1.02129
1292.89	1.8909
1294.49	2.09843
1296.09	1.23054
1297.69	1.99241
1299.29	1.72012
1300.89	1.83825
1302.49	1.64584
1304.08	1.16463
1305.68	1.25923
1307.28	1.22988
1308.88	1.52853
1310.47	1.00679
1312.07	1.87863
1313.66	1.48149
1315.26	1.59698
1316.85	1.26412
1318.45	1.85046
1320.04	1.86498
1321.64	1.51185
1323.23	1.03567
1324.83	1.10752
1326.42	0.751467
1328.01	1.51078
1329.61	1.27656
1331.2	1.75236
1332.79	0.916225
1334.38	1.33556
1335.97	1.69553
1337.56	1.83388
1339.16	1.54809
1340.75	1.6235
1342.34	1.4349
1343.93	1.1441
1345.52	1.435
1347.11	0.742767
1348.7	1.23554
1350.29	0.769264
1351.87	0.746248
1353.46	0.865271
1355.05	0.865625
1356.64	0.906338
1358.22	1.14637
1359.81	1.02584
1361.4	0.385379
1362.98	1.06131
1364.57	0.898784
1366.16	1.35433
1367.74	1.3721
1369.33	0.25648
1370.91	0.73502
1372.5	0.637704
1374.08	0.442037
1375.67	1.12256
1377.25	1.14658
1378.83	0.513428
1380.41	1.17266
1382	0.776022
1383.58	0.756119
1385.16	0.119039
1386.74	0.872802
1388.33	0.851529
1389.91	0.691992
1391.49	0.811273
1393.07	0.534532
1394.65	0.87315
1396.23	1.37007
1397.81	1.05325
1399.39	0.478018
1400.97	0.952031
1402.55	0.811308
1404.13	0.314592
1405.7	0.293455
1407.28	0.530106
1408.86	0.925486
1410.44	0.689068
1412.01	1.02541
1413.59	0.512137
1415.17	0.550844
1416.74	0.766154
1418.32	0.764017
1419.89	0.643999
1421.47	0.072258
1423.04	0.9197
1424.62	0.56785
1426.19	0.669991
1427.77	0.753005
1429.34	0.658623
1430.91	1.25222
1432.49	1.47059
1434.06	1.64848
1435.63	0.881765
1437.2	1.53129
1438.78	1.43429
1440.35	0.512926
1441.92	1.51863
1443.49	1.50308
1445.06	1.70415
1446.63	1.80715
1448.2	1.69411
1449.77	1.54202
1451.34	2.27519
1452.91	1.69156
1454.48	1.91459
1456.05	1.78354
1457.62	1.9076
1459.18	1.42023
1460.75	1.16724
1462.32	1.32557
1463.89	0.695489
1465.45	0.988689
1467.02	1.00618
1468.59	1.20068
1470.15	0.924924
1471.72	1.12133
1473.28	0.475369
1474.85	0.516768
1476.41	0.989918
1477.98	0.678884
1479.54	0.465872
1481.1	0.879997
1482.67	1.05876
1484.23	0.355619
1485.79	0.671059
1487.36	0.0846958
1488.92	0.300149
1490.48	0.533194
1492.04	0.450944
1493.61	0.933111
1495.17	0.514962
1496.73	-0.23452
1498.29	0.0684853
1499.85	0.351785
1501.41	0.286014
1502.97	0.105186
1504.53	0.409942
1506.09	0.307903
1507.65	0.785627
1509.2	0.4886
1510.76	0.152482
1512.32	-0.0102234
1513.88	0.423739
1515.43	0.529978
1516.99	-0.208185
1518.55	0.168335
1520.1	0.67869
1521.66	0.212295
1523.22	0.874305
1524.77	0.178525
1526.33	0.0745363
1527.88	0.350763
1529.44	0.872832
1530.99	0.197195
1532.54	0.528864
1534.1	0.406037
1535.65	0.341288
1537.21	0.523231
1538.76	0.497875
1540.31	0.623806
1541.86	0.598881
1543.42	0.42335
1544.97	1.03762
1546.52	0.561052
1548.07	0.385497
1549.62	0.941263
1551.17	1.17775
1552.72	1.02147
1554.27	1.27762
1555.82	1.16127
1557.37	0.990931
1558.92	0.636166
1560.47	1.29089
1562.02	0.995768
1563.56	1.00029
1565.11	0.78151
1566.66	0.712068
1568.21	0.773029
1569.75	1.0576
1571.3	0.763153
1572.85	1.12174
1574.39	1.42418
1575.94	1.74533
1577.49	1.50665
1579.03	1.10035
1580.57	1.14272
1582.12	1.01782
1583.66	0.800295
1585.21	0.994517
1586.75	1.46982
1588.3	1.1414
1589.84	1.20545
1591.38	1.21294
1592.92	1.31356
1594.47	0.702187
1596.01	1.21463
1597.55	1.10932
1599.09	1.71709
1600.63	1.57579
1602.17	2.03544
1603.71	1.38764
1605.25	1.79058
1606.79	0.93325
1608.33	1.16374
1609.87	1.03483
1611.41	1.88065
1612.95	1.52176
1614.49	1.04926
1616.03	1.49594
1617.57	1.15525
1619.1	1.65917
1620.64	1.09674
1622.18	1.71564
1623.72	1.04344
1625.25	1.12022
1626.79	1.27108
1628.32	1.49537
1629.86	1.64322
1631.39	1.21041
1632.93	1.39406
1634.46	1.2231
1636	1.31434
1637.53	1.42509
1639.07	1.25677
1640.6	1.08861
1642.13	1.59063
1643.67	2.01656
1645.2	1.60331
1646.73	1.76609
1648.26	1.33367
1649.8	0.995093
1651.33	1.64143
1652.86	1.8803
1654.39	2.13871
1655.92	1.41531
1657.45	2.32285
1658.98	1.35824
1660.51	1.52239
1662.04	2.09183
1663.57	1.32825
1665.1	1.969
1666.63	1.55712
1668.16	1.34982
1669.68	1.9369
1671.21	1.19842
1672.74	1.12469
1674.27	1.60394
1675.79	1.27265
1677.32	1.40086
1678.85	1.27031
1680.37	1.28587
1681.9	0.841268
1683.42	1.07628
1684.95	1.1092
1686.47	1.45418
1688	0.956103
1689.52	0.843667
1691.05	0.933002
1692.57	0.766117
1694.09	1.00174
1695.62	0.743334
1697.14	0.33877
1698.66	-0.0656767
1700.18	0.0409575
1701.71	0.36581
1703.23	-0.0393276
1704.75	0.101917
1706.27	0.206104
1707.79	0.109853
1709.31	0.140828
1710.83	0.607357
1712.35	0.982606
1713.87	0.252218
1715.39	0.446326
1716.91	-0.390959
1718.43	0.291133
1719.95	0.105231
1721.47	0.172395
1722.99	0.00559807
1724.5	0.236356
1726.02	0.432081
1727.54	0.0529337
1729.06	-0.0370922
1730.57	0.626865
1732.09	0.285775
1733.61	0.0709858
1735.12	0.390171
1736.64	-0.209727
1738.15	-0.308393
1739.67	0.147876
1741.18	0.461716
1742.7	-0.0943594
1744.21	0.687923
1745.72	0.174275
1747.24	0.197409
1748.75	0.155133
1750.26	0.0746632
1751.77	0.0961676
1753.29	0.274673
1754.8	-0.021327
1756.31	-0.0719166
1757.82	0.208127
1759.33	0.153509
1760.84	-0.0664892
1762.36	0.0798178
1763.87	0.0244274
1765.38	-0.23181
1766.89	0.00509357
1768.4	0.273646
1769.91	0.308411
1771.41	-0.167539
1772.92	0.336614
1774.43	-0.342926
1775.94	0.14002
1777.45	0.161778
1778.95	0.156926
1780.46	0.00392151
1781.97	-0.159132
1783.48	-0.279145
1784.98	0.282793
1786.49	-0.00715065
1787.99	-0.117703
1789.5	-0.0356178
1791.01	0.0120487
1792.51	-0.0554485
1794.01	0.0360088
1795.52	0.0681877
1797.02	0.140646
1798.53	-0.0056572
1800.03	0.271747
1801.53	0.120073
1803.04	-0.146635
1804.54	-0.00217342
1806.04	0.299293
1807.54	0.421607
1809.05	0.378304
1810.55	0.0977745
1812.05	0.0910864
1813.55	-0.0428591
1815.05	-0.0420742
1816.55	0.085083
1818.05	-0.0670671
1819.55	0.228237
1821.05	-0.0344877
1822.55	0.22667
1824.05	0.204488
1825.55	-0.126582
1827.05	0.0839052
1828.55	0.109956
1830.04	-0.186219
1831.54	0.132007
1833.04	0.144556
1834.54	0.302198
1836.03	0.0162134
1837.53	-0.0788174
1839.03	0.324832
1840.52	0.257652
1842.02	0.0434685
1843.51	0.340063
1845.01	0.247958
1846.5	0.104863
1848	-0.103014
1849.49	0.0462427
1850.99	0.186998
1852.48	-0.0105095
1853.97	0.160275
1855.47	0.140579
1856.96	0.0373898
1858.45	-0.322654
1859.94	-0.00324059
1861.44	0.0455999
1862.93	0.0547171
1864.42	0.137955
1865.91	0.0786629
1867.4	0.118643
1868.89	0.266604
1870.38	-0.0109091
1871.87	0.0344429
1873.36	0.118011
1874.85	-0.291044
1876.34	-0.0134249
1877.83	0.175209
1879.32	-0.249294
1880.81	0.0590162
1882.3	0.123813
1882.57	0.118893
1884.07	-0.0218534
1885.56	0.237514
1887.06	0.16486
1888.55	0.248463
1890.04	-0.328933
1891.54	-0.435287
1893.03	0.190171
1894.52	0.208761
1896.02	-0.0319414
1897.51	0.11068
1899	0.288011
1900.49	0.0816164
1901.98	0.238915
1903.47	0.342216
1904.96	0.304929
1906.45	0.405892
1907.94	0.159446
1909.43	0.538709
1910.92	-0.330635
1912.41	0.206463
1913.9	0.240917
1915.39	-0.019351
1916.88	0.240249
1918.37	0.672498
1919.85	0.0297985
1921.34	0.132226
1922.83	-0.111303
1924.32	-0.284611
1925.8	-0.127882
1927.29	0.116426
1928.78	0.240194
1930.26	-0.0170326
1931.75	-0.119248
1933.23	0.0541754
1934.72	0.364257
1936.2	0.464783
1937.69	0.391094
1939.17	0.420723
1940.66	0.105297
1942.14	-0.295189
1943.63	0.53045
1945.11	0.132009
1946.59	0.320295
1948.07	0.094614
1949.56	0.316232
1951.04	-0.0659628
1952.52	0.0847845
1954	-0.126309
1955.48	-0.13098
1956.96	-0.289811
1958.45	0.101397
1959.93	0.0983734
1961.41	0.181619
1962.89	-0.112098
1964.37	0.570794
1965.85	0.105206
1967.32	0.101517
1968.8	0.405058
1970.28	-0.147005
1971.76	0.12129
1973.24	0.269671
1974.72	0.45205
1976.19	-0.14964
1977.67	0.135318
1979.15	0.2668
1980.63	0.0919065
1982.1	0.410013
1983.58	0.268749
1985.05	0.331021
1986.53	-0.0649586
1988	-0.155293
1989.48	0.127357
1990.95	0.461053
1992.43	-0.134892
1993.9	0.014555
1995.38	-0.0212135
1996.85	0.33201
1998.32	0.53296
1999.8	0.260617
2001.27	-0.214607
2002.74	0.0859804
2004.22	0.133279
2005.69	0.416778
2007.16	-0.242419
2008.63	0.261581
2010.1	0.0591221
2011.57	0.328565
2013.04	0.597976
2014.51	0.193722
2015.98	0.360877
2017.45	0.224283
2018.92	0.288701
2020.39	0.167694
2021.86	0.281782
2023.33	0.0436211
2024.8	0.0413456
2026.27	0.426039
2027.74	-0.110399
2029.2	0.00876904
2030.67	0.263472
2032.14	0.0661573
2033.61	-0.416219
2035.07	-0.0424995
2036.54	0.079113
2038.01	-0.00137138
2039.47	0.405123
2040.94	0.458727
2042.4	0.462312
2043.87	0.416215
2045.33	0.337348
2046.8	0.62956
2048.26	0.383332
2049.72	-0.0657673
2051.19	0.225613
2052.65	0.0434093
2054.12	0.382208
2055.58	0.0109873
2057.04	0.14434
2058.5	0.462187
2059.97	0.105901
2061.43	-0.0308075
2062.89	0.0690165
2064.35	0.220269
2065.81	0.523934
2067.27	0.609669
2068.73	0.308899
2070.19	0.648028
2071.65	0.532747
2073.11	0.400448
2074.57	0.419403
2076.03	0.1349
2077.49	0.304711
2078.95	0.28888
2080.41	0.457816
2081.87	0.289426
2083.32	0.221427
2084.78	0.371487
2086.24	0.554358
2087.7	0.400176
2089.15	0.598637
2090.61	0.393569
2092.07	0.876947
2093.52	0.520759
2094.98	0.634242
2096.43	0.931429
2097.89	0.607846
2099.34	0.685752
2100.8	0.562557
2102.25	0.506634
2103.71	0.8524
2105.16	0.331251
2106.61	0.796239
2108.07	0.895068
2109.52	0.593986
2110.97	0.7259
2112.43	0.539765
2113.88	0.984884
2115.33	0.778796
2116.78	0.572156
2118.23	0.333009
2119.68	0.659891
2121.13	0.7395
2122.59	1.06979
2124.04	0.671828
2125.49	0.82176
2126.94	0.871893
2128.39	1.26905
2129.83	1.20054
2131.28	0.915411
2132.73	0.861514
2134.18	1.27086
2135.63	1.46568
2137.08	0.752892
2138.53	1.26525
2139.97	0.903639
2141.42	1.5189
2142.87	1.60662
2144.31	0.983727
2145.76	1.65138
2147.21	1.65696
2148.65	1.79434
2150.1	1.83143
2151.54	1.9834
2152.99	1.88575
2154.43	1.73749
2155.88	1.70473
2157.32	1.44016
2158.77	1.95495
2160.21	1.94114
2161.65	1.86299
2163.1	1.68734
2164.54	1.86152
2165.98	1.55537
2167.43	1.58093
2168.87	1.50562
2170.31	1.67781
2171.75	2.01418
2173.19	1.86604
2174.64	2.23205
2176.07	2.01527
2177.52	1.99833
2178.96	1.66637
2180.4	2.13352
2181.84	1.93661
2183.28	1.59063
2184.72	1.92676
2186.15	1.64756
2187.59	1.68443
2189.03	1.92106
2190.47	1.9913
2191.91	1.81153
2193.35	1.68084
2194.78	1.43214
2196.22	1.33139
2197.66	1.64455
2199.09	1.67286
2200.53	1.73325
2201.97	1.644
2203.4	1.67174
2204.84	1.33587
2206.27	1.3329
2207.71	1.59554
2209.14	1.31127
2210.58	1.48985
2212.01	1.68368
2213.45	1.08306
2214.88	0.92913
2216.31	1.25473
2217.75	0.970746
2219.18	1.49635
2220.61	1.03336
2222.05	1.3948
2223.48	1.26097
2224.91	1.04343
2226.34	0.988913
2227.78	0.982079
2229.21	1.15458
2230.64	0.735343
2232.07	0.742875
2233.5	1.20899
2234.93	0.661142
2236.36	0.507627
2237.79	0.910974
2239.22	1.05473
2240.65	0.71114
2242.08	0.597844
2243.5	0.0617113
2244.93	0.81444
2246.36	0.42472
2247.79	0.522741
2249.22	0.471832
2250.64	0.467648
2252.07	0.315246
2253.5	0.61764
2254.92	0.724854
2256.35	0.492473
2257.78	0.603502
2259.2	0.344207
2260.63	0.655683
2262.05	0.677602
2263.48	0.392543
2264.9	0.481188
2266.33	0.45574
2267.75	0.201702
2269.18	0.727726
2270.6	0.699804
2272.02	0.00375557
2273.45	0.34957
2274.87	0.728202
2276.29	0.553231
2277.71	0.541327
2279.14	0.610991
2280.56	0.224035
2281.98	0.391333
2283.4	0.36285
2284.82	0.0732965
2286.24	0.142917
2287.66	0.278246
2289.08	0.626438
2290.5	0.452405
2291.92	0.180421
2293.34	0.186347
2294.76	0.683105
2296.18	0.443607
2297.6	0.285729
2299.02	-0.0196743
2300.44	0.428781
2301.86	0.18922
2303.27	0.343452
2304.69	0.0712061
2306.11	0.127064
2307.53	0.461971
2308.94	-0.02528
2310.36	0.193625
2311.78	0.149107
2313.19	-0.125819
2314.61	0.0768023
2316.02	0.263826
2317.44	0.616548
2318.85	0.524999
2320.27	0.400102
2321.68	0.389466
2323.1	0.0633564
2324.51	0.0155163
2325.92	1.07091
2327.34	0.656096
2328.75	0.735383
2330.16	0.254794
2331.58	0.417647
2332.99	-0.20849
2334.4	-0.0930567
2335.81	-0.0268126
2337.23	0.614562
2338.64	0.251684
2340.05	0.282352
2341.46	0.229954
2342.87	0.439698
2344.28	0.173565
2345.69	0.235827
2347.1	-0.176687
2348.51	-0.0485125
2349.92	0.373569
2351.33	0.173131
2352.74	-0.0606194
2354.15	-0.16431
2355.55	0.106446
2356.96	-0.128408
2358.37	-0.151356
2359.78	0.0533171
2361.19	0.144043
2362.59	-0.0734701
2364	-0.0315142
2365.41	-0.054409
2366.81	0.100699
2368.22	-0.0668039
2369.62	0.00895023
2371.03	0.440479
2372.44	0.325059
2373.84	0.0658216
2375.24	0.33833
2376.65	-0.00116539
2378.05	-0.100165
2379.46	-0.00770473
2380.86	0.0669489
2382.26	0.0919914
2383.67	0.18017
2385.07	0.0120106
2386.47	-0.0115662
2387.88	-0.034214
2389.28	0.103766
2390.68	0.0993481
2392.08	-0.0631218
2393.48	-0.128982
2394.89	0.203608
2396.29	-0.0675077
2397.69	0.154841
2399.09	0.282297
2400.49	-0.177593
2401.89	0.141253
2403.29	0.0471306
2404.69	0.0796967
2406.09	0.38124
2407.48	0.332573
2408.88	0.299032
2410.28	0.122557
2411.68	-0.306993
2413.08	0.278139
2414.48	0.104206
2415.87	0.0267458
2417.27	-0.0969362
2418.67	-0.0931234
2420.06	-0.0731449
2421.46	-0.211679
2422.86	0.219737
2424.25	0.302424
2425.65	-0.0901909
2427.04	0.595326
2428.44	0.299128
2429.83	-0.0280571
2431.23	0.470237
2432.62	0.143641
2434.02	-0.0726137
2435.41	0.297705
2436.81	0.396606
2438.2	0.382771
2439.59	-0.02946
2440.99	0.0658102
2442.38	0.462109
2443.77	0.191383
2445.16	-0.253767
2446.56	-0.175495
2447.95	-0.0657253
2449.34	0.218176
2450.73	0.264556
2452.12	0.35892
2453.51	0.121723
2454.9	-0.0670757
2456.29	0.219395
2457.68	-0.0475025
2459.07	0.507936
2460.46	0.192873
2461.85	-0.107052
2463.24	-0.123057
2464.63	0.0657902
2466.02	0.0646935
2467.4	-0.0943394
2468.79	0.472506
2470.18	0.0293074
2471.57	0.48455
2472.95	0.119446
2474.34	0.430958
2475.73	0.300941
2477.12	0.0136013
2478.5	0.0564709
2479.89	-0.167319
2481.27	0.158175
2482.66	-0.00258827
2484.04	0.0712576
2485.43	-0.0748348
2486.81	0.184465
2488.2	-0.0572071
2489.58	0.0594425
2490.97	0.0822887
2492.35	0.307666
2493.73	-0.149584
2495.12	0.279552
2496.5	0.0117016
2497.88	-0.0845642
2499.27	0.113622
2500.65	0.249323
2502.03	0.198582
2503.41	-0.285353
2504.79	-0.522382
2506.17	0.0417223
2507.56	-0.195929
2508.94	0.550944
2510.32	0.697735
2511.7	-0.0755939
2513.08	0.440812
2514.46	0.0229492
2515.84	0.402426
2517.22	-0.0132275
2518.59	0.0154648
2519.97	0.21237
2521.35	-0.00355625
2522.73	0.207492
2524.11	0.38693
2525.49	-0.074688
2526.86	0.19511
2528.24	0.0540838
2529.62	-0.00964737
2530.99	0.140988
2532.37	0.0044632
2533.75	0.0364008
2535.12	-0.00695992
2536.5	0.329429
2537.88	-0.0488634
2539.25	0.10361
2540.63	0.224842
2542	0.19388
2543.38	-0.0188322
2544.75	-0.0789213
2546.12	0.393058
2547.5	0.0471277
2548.87	0.00534534
2550.24	-0.0819321
2551.62	0.376638
2552.99	0.0603628
2554.36	0.122496
2555.74	0.0775509
2557.11	0.229283
2558.48	0.214023
2559.85	0.0474472
2561.22	0.487713
2562.59	0.382928
2563.96	0.0362749
2565.34	0.250742
2566.71	0.692774
2568.08	-0.0320168
2569.45	0.0312405
2570.82	0.473429
2572.18	0.11235
2573.55	-0.0971026
2574.92	0.133133
2576.29	0.151187
2577.66	-0.012785
2579.03	-0.0860128
2580.4	-0.0685997
2581.77	0.100056
2583.13	0.147043
2584.5	0.163482
2585.87	0.0586052
2587.23	0.514665
2588.6	0.364617
2589.97	-0.0883946
2591.33	-0.0868688
2592.7	-0.313065
2594.06	0.0811529
2595.43	-0.222412
2596.79	0.154437
2598.16	0.378866
2599.52	-0.349787
2600.89	0.161521
2602.25	-0.00682354
2603.62	-0.340415
2604.98	-0.205457
2606.34	0.231257
2607.71	0.109416
2609.07	-0.0131435
2610.43	0.239819
2611.79	-0.0807538
2613.16	0.0792809
2614.52	-0.1072
2615.88	0.411704
2617.24	-0.164459
2618.6	0.474107
2619.96	-0.144595
2621.32	-0.0439262
2622.68	0.221446
2624.04	0.113382
2625.4	-0.00951815
2626.76	0.0166178
2628.12	-0.196009
2629.48	0.246531
2630.84	0.137714
2632.2	-0.104824
2633.56	0.143149
2634.92	-0.202968
2636.28	0.207757
2637.63	-0.00453424
2638.99	-0.00915003
2640.35	0.267483
2641.71	-0.136075
2643.06	-0.0808339
2644.42	0.0778213
2645.77	-0.0146127
2647.13	0.246477
2648.49	0.182442
2649.84	0.176589
2651.2	0.0377831
2652.55	0.133942
2653.91	0.0834308
2655.26	0.0337477
2656.62	0.234176
2657.97	-0.237822
2659.33	-0.152573
2660.68	0.196138
2662.03	-0.0986643
2663.39	0.00063467
2664.74	-0.0907078
2666.09	0.19658
2667.44	0.191504
2668.8	0.0698757
2670.15	0.108753
2671.5	0.322554
2672.85	0.0281472
2674.2	0.431726
2675.55	0.00813103
2676.91	-0.0808415
2678.26	-0.285151
2679.61	0.120419
2680.96	0.352878
2682.31	0.0355573
2683.66	0.125328
2685	0.245063
2686.35	0.017066
2687.7	0.166109
2689.05	0.197939
2690.4	-0.207368
2691.75	-0.585215
2693.1	0.356062
2694.44	-0.212487
2695.79	0.291854
2697.14	-0.000398159
2698.49	-0.102942
2699.83	-0.174916
2701.18	0.145696
2702.52	0.294041
2703.87	0.356552
2705.22	0.144153
2706.56	0.221696
2707.91	-0.179819
2709.25	-0.0158873
2710.6	0.278515
2711.94	0.558334
2713.29	0.271462
2714.63	-0.0156469
2715.97	0.351315
2717.32	-0.241578
2718.66	-0.194911
2720.01	0.229764
2721.35	0.232107
2722.69	0.0302153
2724.03	0.366401
2725.38	0.250952
2726.72	-0.0104065
2728.06	0.324674
2729.4	0.062819
2730.74	0.019145
2732.08	0.164584
2733.42	0.368261
2734.76	0.193885
2736.1	0.150629
2737.44	0.383837
2738.78	0.486104
2740.12	0.224555
2741.46	0.151619
2742.8	0.136235
2744.14	0.33818
2745.48	0.132626
2746.82	0.376981
2748.16	0.533864
2749.49	0.0812883
2750.83	0.252906
2752.17	0.120187
2753.51	-0.128156
2754.84	0.159876
2756.18	-0.131485
2757.52	0.576562
2758.85	0.213282
2760.19	-0.467864
2761.53	-0.00514269
2762.86	0.0527668
2764.2	-0.120546
2765.53	-0.0623755
2766.87	0.125549
2768.2	0.196809
2769.54	0.223404
2770.87	0.0462561
2772.2	0.0124445
2773.54	-0.181005
2774.87	-0.0574617
2776.2	0.224272
2777.54	0.16049
2778.87	-0.0464668
2780.2	0.279055
2781.53	-0.343339
2782.87	0.111474
2784.2	-0.0653849
2785.53	0.474554
2786.86	-0.17478
2788.19	-0.393425
2789.52	-0.110374
2790.85	-0.0126595
2792.18	0.17151
2793.51	0.0987077
2794.84	0.0259662
2796.17	0.152967
2797.5	0.107963
2798.83	-0.0803237
2800.16	0.0451241
2801.49	-0.000977039
2802.82	-0.346634
2804.15	0.319589
2805.47	0.115871
2806.8	0.139541
2808.13	0.105681
2809.46	-0.127481
2810.78	-0.218241
2812.11	-0.052866
2813.44	0.113379
2814.76	0.153262
2816.09	-0.103163
2817.42	0.222628
2818.74	0.0386982
2820.07	-0.102716
2821.39	-0.0319552
2822.72	0.0665059
2824.04	-0.232355
2825.37	0.162667
2826.69	0.288486
2828.02	-0.0524678
2829.34	0.0885334
2830.66	0.0883889
2831.99	0.0742812
2833.31	0.0034914
2834.63	0.441942
2835.96	0.497716
2837.28	0.496351
2838.6	0.310671
2839.92	0.577432
2841.24	0.222092
2842.57	0.616465
2843.89	0.643863
2845.21	0.79914
2846.53	0.54516
2847.85	0.899215
2849.17	0.744495
2850.49	1.21139
2851.81	1.0559
2853.13	1.09779
2854.45	1.01214
2855.77	1.1524
2857.09	0.925314
2858.41	1.05145
2859.72	1.20578
2861.04	1.4305
2862.36	1.11836
2863.68	1.52583
2865	1.7353
2866.31	1.69073
2867.63	1.71695
2868.95	2.23707
2870.26	2.12303
2871.58	2.38975
2872.9	2.17692
2874.21	2.35797
2875.53	2.67871
2876.84	2.46311
2878.16	2.20472
2879.47	2.41044
2880.79	2.64436
2882.1	2.61194
2883.42	2.66485
2884.73	2.77486
2886.05	2.60463
2887.36	2.91172
2888.67	2.50261
2889.99	2.62599
2891.3	2.49606
2892.61	2.37968
2893.92	2.52943
2895.24	2.74942
2896.55	2.77407
2897.86	2.56186
2899.17	2.88237
2900.48	2.67196
2901.79	2.69982
2903.11	3.13352
2904.42	3.02182
2905.73	2.63065
2907.04	3.42894
2908.35	3.51472
2909.66	3.36349
2910.97	3.78653
2912.27	3.71979
2913.58	3.54027
2914.89	3.51335
2916.2	3.93274
2917.51	4.32245
2918.82	3.85751
2920.13	4.12003
2921.43	4.25723
2922.74	4.46549
2924.05	4.26973
2925.35	5.0256
2926.66	4.90148
2927.97	5.39247
2929.27	4.90448
2930.58	5.18482
2931.89	5.14313
2933.19	4.94743
2934.5	5.39467
2935.8	5.19908
2937.11	5.28319
2938.41	4.72467
2939.72	4.93503
2941.02	4.8804
2942.32	4.39344
2943.63	4.39675
2944.93	4.45732
2946.24	4.33728
2947.54	3.51815
2948.84	3.78988
2950.14	3.97668
2951.45	3.88174
2952.75	3.85495
2954.05	4.06482
2955.35	3.42038
2956.65	3.1829
2957.95	3.71723
2959.26	3.52635
2960.56	3.14188
2961.86	3.3056
2963.16	3.31593
2964.46	3.21337
2965.76	3.33407
2967.06	2.84896
2968.36	3.16358
2969.66	3.01359
2970.96	2.56806
2972.25	3.02301
2973.55	2.59193
2974.85	2.87851
2976.15	2.33388
2977.45	2.37927
2978.74	2.28223
2980.04	1.94428
2981.34	2.50586
2982.64	2.30696
2983.93	2.17886
2985.23	1.60218
2986.52	1.75789
2987.82	1.67606
2989.12	1.63732
2990.41	1.65502
2991.71	1.60197
2993	0.999825
2994.3	1.04303
2995.59	0.818299
2996.89	1.29506
2998.18	1.18182
2999.48	1.20918
3000.77	0.802377
3002.06	1.01313
3003.36	0.887857
3004.65	0.762739
3005.94	0.637437
3007.23	0.231689
3008.53	0.483119
3009.82	0.439816
3011.11	0.270126
3012.4	0.29576
3013.69	0.530611
3014.99	0.124282
3016.28	0.234589
3017.57	0.512508
3018.86	0.0113964
3020.15	0.0532517
3021.44	0.150235
3022.73	0.024085
3024.02	0.0915046
3025.31	0.102659
3026.6	0.335191
3027.89	0.208
3029.18	0.0820975
3030.46	0.275557
3031.75	0.0697207
3033.04	0.196343
3034.33	0.198962
3035.62	0.214841
3036.9	0.325956
3038.19	-0.0194001
3039.48	0.322188
3040.76	0.221692
3042.05	0.422533
3043.34	0.293863
3044.62	0.180077
3045.91	0.0818253
3047.19	0.0814548
3048.48	0.356349
3049.77	0.155379
3051.05	0.24256
3052.34	0.316858
3053.62	0.268346
3054.9	0.478412
3056.19	0.278228
3057.47	0.336155
3058.76	0.120791
3060.04	0.0143785
3061.32	0.629654
3062.61	0.320392
3063.89	0.420624
3065.17	0.155268
3066.45	0.258331
3067.74	0.647892
3069.02	0.371596
3070.3	0.326174
3071.58	0.171103
3072.86	0.0149117
3074.14	0.319832
3075.42	0.134487
3076.7	0.573713
3077.99	0.279976
3079.26	-0.0667148
3080.54	-0.00484753
3081.82	0.0720358
3083.1	0.0822768
3084.38	0.4324
3085.66	-0.343737
3086.94	-0.251798
3088.22	-0.0790458
3089.5	0.242354
3090.78	-0.0202446
3092.05	0.0834398
3093.33	0.241496
3094.61	-0.400301
3095.89	-0.146742
3097.16	-0.0422945
3098.44	0.15694
3099.72	0.206917
3100.99	0.026516
3102.27	0.0494275
3103.54	-0.401233
3104.82	0.0286083
3106.1	0.0936079
3107.37	0.0918217
3108.65	0.185771
3109.92	-0.071156
3111.2	0.0924654
3112.47	0.0266433
3113.74	0.245765
3115.02	-0.158544
3116.29	-0.224537
3117.56	0.102009
3118.84	-0.0606651
3120.11	0.0740352
3121.38	0.0993724
3122.66	0.476493
3123.93	0.18941
3125.2	0.241268
3126.47	0.0634608
3127.74	0.0622177
3129.01	0.453684
3130.29	0.169252
3131.56	0.25006
3132.83	0.31718
3134.1	0.424411
3135.37	0.166591
3136.64	0.407714
3137.91	0.472782
3139.18	0.254519
3140.45	0.305679
3141.72	0.50476
3142.99	0.206676
3144.26	0.312328
3145.52	0.391597
3146.79	0.484813
3148.06	0.525002
3149.33	0.552344
