200.554	0.371956
202.369	0.416113
204.183	0.460293
205.999	0.214294
207.813	0.430637
209.626	1.08294
211.439	0.809271
213.253	-0.5833
215.065	-0.0359516
216.877	-0.363155
218.688	1.15068
220.5	0.219126
222.312	0.548187
224.123	-0.427074
225.933	0.508532
227.742	0.114687
229.552	0.396317
231.361	-0.144136
233.171	-0.298798
234.98	-0.235781
236.787	0.311604
238.595	-0.342381
240.402	0.309906
242.209	0.870241
244.015	-0.448256
245.822	-0.0306454
247.627	0.11845
249.435	0.551989
251.24	0.568684
253.045	0.000598907
254.849	-0.618658
256.653	-0.225538
258.457	0.988047
260.26	0.469406
262.063	0.364136
263.866	-0.147602
265.668	-0.0311527
267.47	0.664223
269.271	0.394842
271.073	0.629894
272.873	-0.535898
274.674	0.53767
276.474	-0.224388
278.274	0.0946178
280.073	0.0480328
281.872	0.358414
283.671	-0.826397
285.47	0.678844
287.268	0.283516
289.065	0.464329
290.863	0.238989
292.66	0.25585
294.456	-0.274508
296.253	0.417707
298.049	-0.322628
299.844	-1.15723
301.637	0.229351
303.432	0.0613098
305.227	0.606781
307.021	0.577354
308.815	0.189907
310.609	-0.196108
312.402	0.515991
314.195	-0.316864
315.987	1.1398
317.777	0.313938
319.569	0.56267
321.36	0.646961
323.151	0.136585
324.942	0.628595
326.733	0.787035
328.521	-0.177917
330.31	1.10184
332.1	0.32345
333.889	-0.076252
335.677	0.285379
337.464	0.785997
339.252	0.25354
341.039	0.890076
342.826	1.09416
344.611	0.867857
346.398	1.00099
348.184	0.56233
349.97	0.00544548
351.754	0.0453968
353.539	0.752254
355.324	1.36105
357.106	0.392929
358.89	0.924314
360.674	0.357237
362.455	-0.329926
364.239	0.480345
366.021	0.598835
367.804	0.074646
369.584	0.545492
371.366	0.326704
373.145	0.816656
374.926	0.453985
376.707	0.965578
378.485	0.203854
380.265	0.623224
382.045	0.973553
383.822	0.432188
385.601	-0.0824623
387.378	0.745052
389.156	0.446667
390.934	-0.131493
392.71	0.395777
394.487	0.642384
396.262	1.05407
398.038	0.479549
399.813	0.468241
401.588	0.643923
403.362	0.865234
405.137	0.920574
406.912	0.551674
408.685	1.00336
410.459	0.0458431
412.23	1.69372
414.004	0.526203
415.775	0.721214
417.548	0.166994
419.318	0.576069
421.089	0.704062
422.86	0.901974
424.63	0.863676
426.401	0.659142
428.17	1.50927
429.94	0.996874
431.708	-0.102226
433.478	0.0667992
435.245	0.377291
437.012	0.664228
438.781	0.691519
440.547	0.387259
442.315	0.0790672
444.081	1.17337
445.846	0.224459
447.613	1.14698
449.378	1.43563
451.142	0.953053
452.908	0.518633
454.672	0.178663
456.435	-0.510424
458.2	0.571095
459.963	0.0920658
461.725	0.522028
463.489	0.327188
465.251	0.300022
467.012	0.115944
468.775	0.587967
470.536	0.0408268
472.296	0.308657
474.056	0.621794
475.817	0.279438
477.576	1.23709
479.335	1.11951
481.094	0.324512
482.854	1.04391
484.612	1.23012
486.37	0.698267
488.127	0.589952
489.886	1.27877
491.642	0.920355
493.398	1.3104
495.154	1.09352
496.91	1.69542
498.667	0.915398
500.422	1.32908
502.176	0.897131
503.93	1.02641
505.684	0.847927
507.438	1.32485
509.191	0.975588
510.946	0.740448
512.698	1.01969
514.45	0.519352
516.202	2.01596
517.954	-0.0183296
519.705	1.84904
521.456	1.10514
523.206	1.62911
524.956	1.65922
526.706	1.31397
528.456	0.570564
530.207	1.65551
531.956	1.73134
533.704	1.07973
535.452	0.590256
537.2	0.636164
538.947	1.44948
540.694	1.02269
542.441	1.52687
544.188	1.09856
545.934	1.438
547.68	1.12725
549.425	0.864122
551.17	0.717838
552.915	1.33555
554.659	1.1206
556.403	0.7913
558.145	0.32518
559.889	0.321714
561.632	1.21715
563.375	1.05439
565.117	0.226612
566.859	0.940269
568.601	1.47119
570.342	-0.474367
572.083	0.727165
573.824	-0.109793
575.565	0.272753
577.303	-0.44257
579.043	0.336443
580.782	-0.260351
582.521	0.337406
584.26	0.727728
585.998	0.886244
587.734	1.06524
589.472	0.229456
591.21	0.473063
592.947	-0.112616
594.684	0.382805
596.418	0.303186
598.154	0.0164566
599.89	-0.109943
601.626	-0.168997
603.361	-0.0465965
605.094	0.578556
606.828	0.51115
608.562	-0.292618
610.296	-0.544842
612.027	0.80987
613.761	0.216169
615.493	-0.0776844
617.224	0.133051
618.956	0.0906296
620.688	-0.205746
622.419	-0.00101662
624.149	-0.301102
625.879	-0.143837
627.61	0.5634
629.338	0.931906
631.068	0.278492
632.797	0.86161
634.525	0.808029
636.254	-0.136602
637.98	0.421686
639.708	0.609034
641.436	0.333883
643.162	-0.310425
644.889	-0.568968
646.614	-0.234831
648.34	-0.0564289
650.067	0.332785
651.791	0.32091
653.516	-0.0238609
655.239	0.433949
656.964	-0.765034
658.687	-0.528555
660.411	0.665949
662.133	0.443352
663.857	0.192789
665.58	0.234259
667.301	0.683542
669.024	-0.332207
670.744	0.254719
672.464	0.251017
674.186	0.000411987
675.905	-0.452587
677.626	0.49568
679.345	-0.460297
681.065	0.051281
682.783	-0.314182
684.503	0.811989
686.22	-0.736202
687.939	-0.768103
689.656	0.234512
691.372	0.705992
693.09	0.27783
694.806	0.999811
696.523	0.42996
698.239	0.249342
699.953	0.342459
701.67	-0.0268078
703.384	-0.282562
705.098	0.310408
706.813	0.901453
708.526	-0.206095
710.239	0.38287
711.954	-0.907047
713.666	0.252018
715.378	0.0375862
717.091	-0.0395737
718.802	0.682005
720.513	-0.215401
722.226	1.23442
723.936	-0.16198
725.646	0.489645
727.355	-0.177727
729.067	1.24282
730.776	0.574263
732.484	-0.00312996
734.192	0.0537395
735.902	0.517431
737.61	-0.215647
739.317	0.565451
741.024	-0.140434
742.731	-0.0544891
744.439	-0.46125
746.145	0.0577908
747.851	0.03932
749.556	1.35059
751.262	0.505108
752.966	0.74193
754.673	0.104231
756.377	0.594439
758.081	0.412678
759.784	0.932076
761.487	0.30455
763.19	1.05354
764.892	1.10307
766.594	1.78302
768.296	0.199322
770	1.39152
771.701	1.20061
773.402	0.9617
775.102	1.26467
776.803	1.18443
778.503	1.44605
780.202	0.941881
781.901	2.09122
783.6	1.02363
785.299	1.40191
786.997	2.02448
788.695	1.55408
790.393	0.851274
792.09	1.45496
793.787	1.24164
795.484	1.09597
797.18	0.749643
798.877	1.12782
800.572	1.48664
802.268	1.308
803.963	1.10835
805.658	1.60538
807.35	1.35885
809.044	1.71651
810.738	1.19619
812.432	0.742094
814.125	1.27344
815.818	1.35574
817.51	1.90754
819.202	0.961287
820.894	1.1781
822.584	1.08304
824.275	1.56944
825.966	1.25599
827.657	1.21449
829.347	1.35671
831.037	1.54961
832.725	1.01308
834.414	1.37189
836.103	1.26466
837.792	1.0899
839.481	2.11841
841.167	1.35752
842.854	0.749992
844.542	1.90673
846.229	1.05382
847.914	0.83008
849.6	1.99823
851.287	1.85204
852.973	2.18025
854.656	2.21929
856.341	1.92105
858.026	2.83406
859.711	1.7648
861.393	2.60425
863.077	1.54881
864.761	1.43642
866.442	1.8857
868.125	1.4996
869.808	1.65372
871.489	1.4689
873.171	1.12572
874.85	1.86539
876.532	1.31898
878.213	1.38187
879.892	1.26398
881.572	1.46137
883.251	0.686533
884.931	0.496462
886.61	1.40956
888.287	1.3488
889.966	1.03677
891.643	1.24044
893.321	1.55371
894.997	0.851578
896.675	1.02519
898.352	0.34314
900.028	0.692518
901.704	1.68914
903.379	1.36213
905.055	0.543905
906.729	0.754969
908.404	1.72474
910.077	0.801462
911.75	1.28341
913.425	1.03241
915.097	0.893656
916.771	0.22287
918.443	2.03528
920.116	1.7855
921.787	1.07292
923.46	1.09331
925.13	1.75769
926.8	1.82912
928.472	1.15363
930.141	0.701712
931.813	0.93528
933.481	1.58847
935.15	1.64633
936.82	1.41841
938.488	1.21445
940.156	1.38799
941.825	-0.377226
943.492	1.32257
945.158	1.5661
946.827	1.21124
948.493	0.653854
950.158	0.931385
951.824	1.25047
953.491	0.53306
955.156	0.260309
956.82	0.588596
958.486	-0.0249538
960.15	0.823223
961.814	0.858271
963.477	0.472975
965.142	0.725098
966.804	0.551538
968.467	0.217381
970.129	0.963148
971.79	0.689547
973.454	0.527679
975.115	1.62937
976.776	0.611874
978.436	0.570402
980.096	0.286781
981.756	0.00212479
983.417	0.622269
985.077	0.839996
986.736	0.655005
988.394	0.599232
990.052	1.58026
991.71	0.481569
993.368	1.59248
995.025	0.605335
996.682	1.64918
998.341	1.30272
999.998	1.79351
1001.65	1.8204
1003.31	1.38421
1004.97	1.23383
1006.62	0.358294
1008.28	1.21901
1009.93	0.762629
1011.58	-0.0211353
1013.24	-0.145519
1014.89	-0.378469
1016.54	0.571768
1018.2	0.187431
1019.85	0.242529
1021.5	-0.159389
1023.16	-0.0342731
1024.81	0.639078
1026.46	0.417496
1028.11	0.960688
1029.76	1.10913
1031.41	0.839947
1033.06	1.54995
1034.71	1.64482
1036.36	1.38782
1038.01	2.43653
1039.66	1.67687
1041.31	3.07314
1042.95	3.79672
1044.6	4.17606
1046.25	4.08192
1047.9	3.0802
1049.54	2.21262
1051.19	3.0636
1052.84	2.46111
1054.48	2.51107
1056.13	2.71316
1057.77	1.26247
1059.42	1.81055
1061.06	1.66151
1062.71	1.8152
1064.35	1.61896
1066	1.00745
1067.64	1.71964
1069.28	0.843338
1070.93	0.791615
1072.57	0.631195
1074.21	1.0578
1075.85	1.33451
1077.49	1.07177
1079.13	1.50565
1080.78	1.57243
1082.42	1.18374
1084.06	1.63874
1085.7	0.96286
1087.34	0.738138
1088.97	0.877443
1090.61	0.947989
1092.25	1.29696
1093.89	1.66587
1095.53	0.287041
1097.17	0.486002
1098.8	0.342876
1100.44	0.268166
1102.08	0.49872
1103.71	0.754305
1105.35	1.07702
1106.99	1.0782
1108.62	0.670069
1110.26	0.775743
1111.89	0.942499
1113.52	0.568689
1115.16	0.707951
1116.79	1.10327
1118.43	1.09103
1120.06	1.48736
1121.69	1.75694
1123.32	0.530439
1124.96	1.1469
1126.59	1.16595
1128.22	1.22943
1129.85	0.738497
1131.48	1.18956
1133.11	1.34187
1134.75	0.809811
1136.37	0.575705
1138	0.980474
1139.63	0.485371
1141.26	1.05605
1142.89	1.17703
1144.52	0.829054
1146.15	1.12244
1147.78	0.18166
1149.4	0.0741158
1151.03	0.457479
1152.66	-0.011158
1154.28	-0.0119286
1155.91	1.13573
1157.54	0.686779
1159.16	-0.101385
1160.79	0.431023
1162.41	0.0087986
1164.04	0.545437
1165.66	0.296394
1167.29	-0.2722
1168.91	0.432627
1170.53	0.36849
1172.16	-0.315702
1173.78	-0.493176
1175.4	0.218185
1177.02	-0.196032
1178.65	-0.312597
1180.27	0.249773
1181.89	0.0729027
1183.51	0.404959
1185.13	-0.362083
1186.75	0.981319
1188.37	0.673609
1189.99	0.0672455
1191.61	-0.225912
1193.23	0.361628
1194.85	0.127163
1196.47	-0.6096
1198.08	0.688375
1199.7	-0.878075
1201.32	1.07338
1202.94	0.271423
1204.55	0.0600433
1206.17	-0.355534
1207.79	-0.372026
1209.4	0.988686
1211.02	-0.0720768
1212.63	1.03245
1214.25	-0.327463
1215.86	-1.10703
1217.48	0.232994
1219.09	1.27746
1220.71	0.451414
1222.32	0.686106
1223.93	1.29595
1225.54	1.01779
1227.16	0.598337
1228.77	1.46452
1230.38	1.40231
1231.99	1.05331
1233.6	0.29361
1235.22	1.23129
1236.83	1.03474
1238.44	0.488794
1240.05	1.41211
1241.66	2.10872
1243.26	2.14284
1244.87	1.01652
1246.48	1.19152
1248.09	1.81964
1249.7	1.51503
1251.31	1.87188
1252.92	1.8775
1254.52	1.76061
1256.13	1.68742
1257.74	2.15469
1259.34	2.2315
1260.95	2.49653
1262.55	2.16222
1264.16	1.66192
1265.76	1.71988
1267.37	2.00433
1268.97	1.62342
1270.58	2.23547
1272.18	2.6172
1273.78	2.25026
1275.39	2.60676
1276.99	1.82136
1278.59	2.58828
1280.2	1.96601
1281.8	2.10942
1283.4	2.74947
1285	2.68713
1286.6	3.08161
1288.2	2.77548
1289.8	2.69876
1291.4	3.11903
1293	2.79515
1294.6	3.15137
1296.2	2.84365
1297.8	3.33767
1299.4	3.39421
1301	3.28239
1302.6	2.67365
1304.19	3.64845
1305.79	3.38627
1307.39	2.87706
1308.99	2.90167
1310.58	2.33199
1312.18	2.86979
1313.77	3.36726
1315.37	2.92616
1316.96	2.24285
1318.56	3.49985
1320.15	2.36949
1321.75	3.56089
1323.34	3.15948
1324.94	2.99894
1326.53	1.90206
1328.12	1.65835
1329.72	1.84168
1331.31	2.61445
1332.9	3.30967
1334.49	2.57523
1336.08	1.96623
1337.67	2.42783
1339.27	2.98816
1340.86	2.43628
1342.45	2.26303
1344.04	1.8649
1345.63	2.20823
1347.22	1.66903
1348.8	2.23621
1350.39	2.40732
1351.98	2.76364
1353.57	2.84412
1355.16	2.24777
1356.75	2.85134
1358.33	1.75564
1359.92	1.39753
1361.51	2.51442
1363.09	2.0725
1364.68	1.84969
1366.27	2.64379
1367.85	1.786
1369.44	2.32494
1371.02	2.11035
1372.61	2.49569
1374.19	2.82367
1375.77	2.8148
1377.36	2.40808
1378.94	2.73647
1380.52	1.82897
1382.11	2.72918
1383.69	2.13466
1385.27	2.8901
1386.85	1.89563
1388.43	2.90804
1390.02	2.23388
1391.6	2.69316
1393.18	2.87614
1394.76	1.86981
1396.34	2.21184
1397.92	2.25478
1399.5	2.96921
1401.08	2.96795
1402.65	1.83719
1404.23	2.74528
1405.81	2.56607
1407.39	2.50747
1408.97	3.00397
1410.54	2.90865
1412.12	3.38587
1413.7	2.83497
1415.27	2.75603
1416.85	3.01058
1418.43	4.15094
1420	3.9514
1421.58	3.02603
1423.15	3.73861
1424.73	3.94287
1426.3	3.79564
1427.87	3.33461
1429.45	4.231
1431.02	4.04272
1432.6	5.32769
1434.17	5.52782
1435.74	5.23515
1437.31	5.06115
1438.89	5.0659
1440.46	5.13198
1442.03	6.28117
1443.6	4.97537
1445.17	5.26236
1446.74	6.41465
1448.31	6.01456
1449.88	4.84837
1451.45	5.9835
1453.02	5.25196
1454.59	5.11105
1456.16	5.95374
1457.72	4.78782
1459.29	5.42926
1460.86	4.63
1462.43	4.37759
1463.99	4.02333
1465.56	3.58839
1467.13	2.99604
1468.69	2.77817
1470.26	3.22966
1471.83	2.34929
1473.39	2.82492
1474.95	2.55684
1476.52	2.01521
1478.08	2.53256
1479.65	1.75589
1481.21	2.42955
1482.78	1.51552
1484.34	2.44324
1485.9	1.88099
1487.47	1.27815
1489.03	2.00416
1490.59	1.43418
1492.15	1.85747
1493.71	1.59185
1495.27	0.971983
1496.84	1.05284
1498.39	1.63898
1499.96	1.42806
1501.52	0.734589
1503.07	-0.265297
1504.64	0.753284
1506.19	0.357449
1507.75	0.270454
1509.31	0.490637
1510.87	0.920223
1512.43	0.730383
1513.98	1.13687
1515.54	0.524057
1517.1	0.374714
1518.65	0.62993
1520.21	0.790001
1521.77	1.08403
1523.32	1.05176
1524.88	0.750662
1526.44	0.657934
1527.99	2.12484
1529.54	1.38103
1531.1	0.183704
1532.65	0.204149
1534.21	0.2831
1535.76	0.439577
1537.31	1.08877
1538.87	0.832066
1540.42	0.821726
1541.97	1.50853
1543.52	1.34694
1545.07	1.52364
1546.63	1.1173
1548.18	0.880308
1549.73	0.90613
1551.28	1.34419
1552.83	1.1278
1554.38	1.41835
1555.93	0.51609
1557.48	1.44767
1559.03	1.30024
1560.57	1.11942
1562.12	1.93056
1563.67	1.27015
1565.22	1.7489
1566.77	1.8547
1568.31	1.28811
1569.86	1.39256
1571.41	2.28024
1572.95	1.16999
1574.5	1.04879
1576.05	1.28233
1577.59	2.2817
1579.14	2.04985
1580.68	1.63251
1582.23	2.39324
1583.77	1.75495
1585.31	1.34199
1586.86	1.82712
1588.4	1.82655
1589.95	2.49914
1591.49	2.17917
1593.03	2.75681
1594.57	2.73482
1596.11	2.93777
1597.66	2.59819
1599.2	2.76604
1600.74	3.96726
1602.28	2.43036
1603.82	3.01377
1605.36	3.59622
1606.9	2.74774
1608.44	4.1314
1609.98	2.3713
1611.52	2.42955
1613.06	2.8217
1614.6	3.11687
1616.13	2.4543
1617.67	3.19938
1619.21	2.76595
1620.75	2.72933
1622.28	2.56454
1623.82	2.68226
1625.36	2.85608
1626.89	3.10299
1628.43	2.63602
1629.96	2.85838
1631.5	2.49896
1633.04	3.18509
1634.57	2.86314
1636.11	3.15895
1637.64	3.68025
1639.17	3.00932
1640.71	2.9166
1642.24	3.12062
1643.77	3.08001
1645.31	3.1485
1646.84	2.61996
1648.37	3.50368
1649.9	2.99449
1651.43	3.4901
1652.96	3.04195
1654.5	2.09595
1656.03	3.54276
1657.56	3.11704
1659.09	3.02328
1660.62	3.64875
1662.15	2.60542
1663.67	2.68879
1665.2	3.47269
1666.73	2.96435
1668.26	2.33002
1669.79	2.73171
1671.32	1.99381
1672.84	2.23482
1674.37	1.90573
1675.9	2.36787
1677.43	2.18389
1678.95	2.38409
1680.48	1.46041
1682	1.56523
1683.53	0.457409
1685.05	2.30547
1686.58	0.557629
1688.1	1.5069
1689.63	1.37514
1691.15	1.88479
1692.68	0.747082
1694.2	1.82352
1695.72	1.81989
1697.25	0.829067
1698.77	0.842991
1700.29	1.33049
1701.81	1.12326
1703.33	1.4254
1704.86	0.96114
1706.38	0.569485
1707.9	0.741447
1709.42	0.912951
1710.94	1.17505
1712.46	0.965637
1713.98	0.140917
1715.5	1.18213
1717.02	1.04583
1718.54	1.43354
1720.06	1.18845
1721.57	0.781763
1723.09	1.18813
1724.61	0.785257
1726.13	0.241465
1727.64	1.05074
1729.16	0.799749
1730.68	0.86937
1732.19	0.666967
1733.71	0.0839748
1735.23	0.475554
1736.74	0.142147
1738.26	0.791271
1739.77	0.565165
1741.29	0.555685
1742.8	0.861794
1744.31	0.113073
1745.83	0.371082
1747.34	0.757215
1748.85	0.782486
1750.37	0.417271
1751.88	0.182861
1753.39	-0.00444412
1754.91	0.177864
1756.42	0.513231
1757.93	0.184366
1759.44	0.746304
1760.95	0.335068
1762.46	0.330427
1763.97	0.460304
1765.48	0.242289
1766.99	0.133648
1768.5	-0.304079
1770.01	0.137823
1771.52	0.0963631
1773.03	0.353851
1774.54	-0.269949
1776.04	0.0879974
1777.55	0.0328026
1779.06	0.530912
1780.57	0.336866
1782.07	0.00816917
1783.58	0.139032
1785.09	0.399885
1786.59	0.321512
1788.1	0.127647
1789.6	0.00542259
1791.11	-0.0695572
1792.61	0.0475616
1794.12	-0.110188
1795.62	0.125849
1797.13	0.335861
1798.63	0.0164738
1800.13	0.0377083
1801.64	-0.233641
1803.14	0.252155
1804.64	0.0656605
1806.15	0.00330162
1807.65	-0.022295
1809.15	-0.0784531
1810.65	-0.0869389
1812.15	-0.0519829
1813.65	0.0597954
1815.16	-0.0963497
1816.66	0.13623
1818.15	-0.0104713
1819.66	-0.193537
1821.16	0.33853
1822.65	0.0684338
1824.15	-0.259161
1825.65	-0.0423908
1827.15	-0.131912
1828.65	-0.215664
1830.15	-0.2544
1831.64	0.253067
1833.14	-0.114412
1834.64	0.461309
1836.14	0.210054
1837.63	-0.196844
1839.13	0.146845
1840.62	-0.247718
1842.12	0.000947952
1843.62	-0.0377445
1845.11	0.161465
1846.61	0.194067
1848.1	0.0866489
1849.6	0.0612888
1851.09	-0.0549774
1852.58	-0.0287952
1854.08	0.362425
1855.57	0.0463619
1857.06	0.633156
1858.55	-0.00814438
1860.05	-0.293065
1861.54	0.0607548
1863.03	0.0523624
1864.52	0.898016
1866.01	-0.0427036
1867.5	0.226822
1869	0.4505
1870.49	0.289398
1871.98	-0.102887
1873.47	0.0424652
1874.96	0.442373
1876.44	0.578339
1877.93	0.0203743
1879.42	0.370504
1880.91	0.534573
1882.4	0.15069
1882.47	0.132111
1883.96	0.968966
1885.46	0.235518
1886.95	0.0934505
1888.44	-0.188606
1889.94	-0.0351477
1891.43	0.624054
1892.93	0.607405
1894.42	0.524302
1895.91	0.287333
1897.4	0.39955
1898.89	-0.0623436
1900.39	0.291658
1901.88	0.225509
1903.37	0.486872
1904.86	0.36315
1906.35	-0.00507736
1907.84	0.929391
1909.33	0.371202
1910.82	0.0926256
1912.31	0.041214
1913.8	0.216234
1915.29	-0.00746822
1916.77	0.080451
1918.26	0.514089
1919.75	0.149664
1921.24	0.356878
1922.73	0.287543
1924.21	0.721728
1925.7	0.517192
1927.19	0.435645
1928.67	0.0608463
1930.16	0.0842199
1931.64	0.0890102
1933.13	0.489721
1934.61	-0.151285
1936.1	0.416603
1937.58	-0.314961
1939.07	-0.251531
1940.55	-0.343182
1942.04	0.170619
1943.52	-0.00438976
1945	-0.643442
1946.49	0.0804195
1947.97	0.52775
1949.45	-0.0256157
1950.93	0.366898
1952.42	0.860662
1953.9	-0.143253
1955.38	0.503676
1956.86	-0.0345592
1958.34	0.184116
1959.82	0.300829
1961.3	0.212583
1962.78	0.0733309
1964.26	-0.237415
1965.74	0.221947
1967.22	0.114902
1968.7	-0.0615273
1970.18	0.22282
1971.65	0.318439
1973.13	0.0212145
1974.61	-0.190154
1976.09	-0.128248
1977.57	-0.168345
1979.04	0.608801
1980.52	-0.0439949
1982	0.272732
1983.47	-0.0569515
1984.95	0.360143
1986.42	0.0468712
1987.9	0.530553
1989.37	0.302749
1990.85	0.211724
1992.32	0.342197
1993.8	0.727765
1995.27	0.269435
1996.75	0.166929
1998.22	0.976435
1999.69	-0.13992
2001.17	0.785522
2002.64	-0.230414
2004.11	0.490808
2005.58	0.318775
2007.05	0.232293
2008.53	0.770435
2010	-0.0202341
2011.47	0.351717
2012.94	0.72368
2014.41	0.219773
2015.88	0.152265
2017.35	-0.0512199
2018.82	-0.508035
2020.29	0.0428534
2021.76	-0.12921
2023.23	-0.502045
2024.7	0.0494652
2026.16	0.300537
2027.63	0.436427
2029.1	0.155432
2030.57	0.5308
2032.03	0.471657
2033.5	0.51403
2034.97	0.186973
2036.44	0.111078
2037.9	0.605577
2039.37	0.376963
2040.83	0.66923
2042.3	0.188782
2043.76	0.684769
2045.23	-0.314965
2046.69	0.73947
2048.16	0.515352
2049.62	0.189386
2051.08	0.721393
2052.55	0.694677
2054.01	0.563745
2055.47	0.295029
2056.94	0.61419
2058.4	0.864357
2059.86	0.2718
2061.32	0.926318
2062.79	0.369789
2064.25	0.993227
2065.71	0.524343
2067.17	0.595406
2068.63	0.684294
2070.09	1.3124
2071.55	0.79598
2073.01	1.2726
2074.47	0.991117
2075.93	0.37222
2077.39	1.23462
2078.85	0.951226
2080.31	1.40799
2081.76	1.03871
2083.22	1.76257
2084.68	1.17217
2086.13	1.2033
2087.59	1.16607
2089.05	1.54829
2090.51	1.34185
2091.96	1.30337
2093.42	1.02987
2094.87	1.54444
2096.33	1.62181
2097.78	0.977701
2099.24	1.38784
2100.69	1.52918
2102.15	1.73747
2103.6	1.72979
2105.06	1.6409
2106.51	1.73803
2107.96	1.53677
2109.42	1.86984
2110.87	1.65173
2112.32	2.04805
2113.77	1.34186
2115.23	1.63226
2116.68	2.10342
2118.13	1.99289
2119.58	1.8848
2121.03	2.32764
2122.48	2.50825
2123.93	2.19398
2125.38	2.59399
2126.83	1.75004
2128.28	2.08157
2129.73	2.47679
2131.18	2.65401
2132.63	2.33296
2134.08	3.21981
2135.53	2.28828
2136.97	2.74852
2138.42	2.79868
2139.87	2.91837
2141.32	2.95845
2142.76	2.58733
2144.21	2.99465
2145.66	2.95574
2147.1	3.01562
2148.55	3.25659
2150	2.43586
2151.44	3.05454
2152.89	3.07503
2154.33	3.52478
2155.78	3.99013
2157.22	3.61066
2158.66	3.0006
2160.11	2.79042
2161.55	3.24608
2163	2.95937
2164.44	3.43822
2165.88	3.70351
2167.32	3.20485
2168.77	3.1359
2170.21	3.77888
2171.65	3.1707
2173.09	2.89155
2174.53	3.25864
2175.97	3.62448
2177.41	2.59381
2178.85	3.21063
2180.29	2.88149
2181.73	2.96956
2183.17	2.55982
2184.61	3.53096
2186.05	2.78911
2187.49	2.76249
2188.93	2.71929
2190.37	2.95901
2191.81	2.7655
2193.24	2.72052
2194.68	3.13941
2196.12	3.60486
2197.56	2.53561
2198.99	1.84688
2200.43	2.00467
2201.87	2.3113
2203.3	2.31993
2204.74	1.79982
2206.17	2.42557
2207.61	2.0743
2209.04	2.56759
2210.48	1.71843
2211.91	2.3407
2213.35	1.42356
2214.78	1.44896
2216.21	1.5908
2217.65	1.83333
2219.08	1.73141
2220.51	1.68051
2221.95	1.67935
2223.38	1.67705
2224.81	1.57365
2226.24	1.58269
2227.67	1.70398
2229.1	1.57646
2230.54	1.28378
2231.97	1.30272
2233.4	1.3875
2234.83	1.12994
2236.26	1.65896
2237.69	1.65105
2239.11	1.23842
2240.54	0.927316
2241.97	0.961798
2243.4	0.98203
2244.83	1.18233
2246.26	0.924899
2247.69	0.89333
2249.11	1.08653
2250.54	1.09665
2251.97	1.15266
2253.4	0.930634
2254.82	0.741916
2256.25	1.04281
2257.67	1.00638
2259.1	0.130986
2260.53	0.67179
2261.95	0.973337
2263.38	1.06671
2264.8	0.83576
2266.23	0.815371
2267.65	0.0290966
2269.07	0.331092
2270.5	0.827353
2271.92	0.264655
2273.34	-0.233453
2274.77	0.473784
2276.19	0.578782
2277.61	0.781907
2279.03	0.740718
2280.46	0.373277
2281.88	0.886239
2283.3	0.714072
2284.72	0.346052
2286.14	0.500505
2287.56	-0.0628071
2288.98	0.582859
2290.4	0.641425
2291.82	0.73318
2293.24	-0.335927
2294.66	-0.0807381
2296.08	0.551017
2297.5	0.429948
2298.92	0.357992
2300.34	0.499315
2301.76	0.674023
2303.17	0.63607
2304.59	0.0730782
2306.01	0.0677691
2307.43	-0.0695143
2308.84	0.548384
2310.26	0.294305
2311.68	0.319036
2313.09	0.409506
2314.51	0.0233164
2315.92	-0.164468
2317.34	0.488986
2318.75	0.435052
2320.17	0.331251
2321.58	0.308162
2323	0.348151
2324.41	0.0874319
2325.82	0.367728
2327.24	0.711061
2328.65	0.54182
2330.06	0.537726
2331.48	0.930142
2332.89	0.402406
2334.3	0.287713
2335.71	0.107696
2337.12	-0.319591
2338.54	-0.00824356
2339.95	0.35036
2341.36	-0.229021
2342.77	0.110546
2344.18	0.0887766
2345.59	0.0510445
2347	0.292256
2348.41	0.0912647
2349.82	0.266194
2351.23	0.210825
2352.64	-0.107326
2354.04	0.666886
2355.45	0.737495
2356.86	0.0257969
2358.27	-0.00130558
2359.68	-0.0606604
2361.08	-0.135975
2362.49	-0.0652351
2363.9	-0.0272036
2365.3	-0.345269
2366.71	-0.226037
2368.12	0.119878
2369.52	0.257028
2370.93	0.0413828
2372.33	0.311415
2373.74	-0.109657
2375.14	0.355585
2376.55	0.36937
2377.95	0.188501
2379.36	0.294694
2380.76	0.365955
2382.16	0.082015
2383.57	0.0695448
2384.97	0.584559
2386.37	0.64359
2387.78	0.703901
2389.18	0.247811
2390.58	0.479579
2391.98	0.346708
2393.38	-0.166264
2394.79	0.245028
2396.19	0.0211639
2397.59	0.227558
2398.99	0.450639
2400.39	0.0707426
2401.79	0.215639
2403.19	0.408213
2404.59	0.711304
2405.99	-0.177641
2407.39	0.344786
2408.78	0.849621
2410.18	-0.532958
2411.58	-0.139365
2412.98	0.476789
2414.38	0.112917
2415.77	0.258059
2417.17	0.595283
2418.57	0.26905
2419.97	0.687665
2421.36	0.235058
2422.76	0.130295
2424.15	-0.038332
2425.55	0.284307
2426.95	0.306692
2428.34	0.806028
2429.74	0.561852
2431.13	0.429687
2432.52	0.361158
2433.92	0.514122
2435.31	0.522463
2436.71	0.671431
2438.1	0.134748
2439.49	0.549238
2440.89	0.517373
2442.28	0.706868
2443.67	0.292746
2445.06	0.306929
2446.46	-0.234068
2447.85	0.350376
2449.24	0.0947161
2450.63	0.647131
2452.02	0.313586
2453.41	-0.0501738
2454.8	-0.0011158
2456.19	-0.014266
2457.58	0.210374
2458.97	0.00771236
2460.36	0.705649
2461.75	-0.542694
2463.14	-0.305807
2464.53	0.467181
2465.92	0.654698
2467.31	0.0683928
2468.69	-0.123022
2470.08	-0.172625
2471.47	-0.144048
2472.86	-0.415852
2474.24	0.586683
2475.63	0.108031
2477.02	0.273952
2478.4	0.0939884
2479.79	0.244091
2481.17	-0.0605001
2482.56	0.324678
2483.94	0.411074
2485.33	-0.0514841
2486.72	0.485054
2488.1	0.722112
2489.48	0.209263
2490.87	0.195526
2492.25	0.0426826
2493.64	0.124743
2495.02	-0.00847244
2496.4	-0.216999
2497.79	-0.129582
2499.17	0.0665102
2500.55	0.524796
2501.93	0.270206
2503.31	-0.18622
2504.69	0.00472069
2506.08	-0.129311
2507.46	0.459936
2508.84	0.202461
2510.22	0.145844
2511.6	0.351155
2512.98	-0.0865078
2514.36	0.473485
2515.74	0.299343
2517.12	0.141949
2518.5	0.30667
2519.88	0.196452
2521.25	-0.0514975
2522.63	0.554608
2524.01	-0.0921574
2525.39	-0.373294
2526.77	0.213591
2528.14	-0.493251
2529.52	0.459979
2530.9	0.274714
2532.27	-0.242048
2533.65	0.124678
2535.03	-0.251922
2536.4	-0.187953
2537.78	0.300373
2539.15	0.240301
2540.53	-0.291723
2541.9	-0.641857
2543.28	0.389318
2544.65	-0.0501699
2546.03	-0.00228405
2547.4	-0.24071
2548.77	-0.03792
2550.15	0.802437
2551.52	0.382692
2552.89	0.0221519
2554.27	0.327725
2555.64	-0.172346
2557.01	0.419018
2558.38	-0.263906
2559.75	0.0696001
2561.12	-0.157017
2562.5	0.632772
2563.87	0.892997
2565.24	0.350773
2566.61	-0.297151
2567.98	0.373512
2569.35	0.301621
2570.72	0.820822
2572.09	0.188168
2573.46	0.328645
2574.83	0.74217
2576.19	0.261319
2577.56	0.113849
2578.93	-0.170456
2580.3	-0.000409126
2581.67	-0.301046
2583.04	0.656182
2584.4	-0.26699
2585.77	-0.250244
2587.14	0.0243254
2588.5	0.132428
2589.87	0.225549
2591.23	0.182096
2592.6	-0.528733
2593.97	-0.210403
2595.33	0.287919
2596.7	0.284704
2598.06	0.31047
2599.43	0.139021
2600.79	0.103899
2602.15	-0.0663452
2603.52	0.625051
2604.88	0.0341635
2606.25	0.454704
2607.61	-0.271539
2608.97	-0.048892
2610.33	0.0812893
2611.7	-0.136936
2613.06	0.244864
2614.42	0.159018
2615.78	0.132915
2617.15	0.616879
2618.51	-0.247041
2619.87	0.762266
2621.23	-0.142789
2622.59	0.269219
2623.95	0.248007
2625.31	0.420749
2626.67	0.339349
2628.03	0.227733
2629.39	-0.167116
2630.75	-0.0707026
2632.1	0.114579
2633.46	0.225215
2634.82	-0.0354385
2636.18	0.638594
2637.54	0.422403
2638.89	-0.356016
2640.25	-0.0085659
2641.61	-0.223039
2642.97	0.124615
2644.32	0.472052
2645.68	0.0812597
2647.03	-0.147416
2648.39	0.742679
2649.75	0.143549
2651.1	0.338354
2652.46	0.414742
2653.81	-0.198275
2655.17	0.217053
2656.52	-0.142879
2657.88	0.816793
2659.23	0.562623
2660.58	0.207056
2661.94	0.377767
2663.29	0.255247
2664.64	0.0148277
2666	0.109028
2667.35	0.36262
2668.7	-0.0833454
2670.05	0.592177
2671.4	0.235193
2672.76	0.519027
2674.11	0.5276
2675.46	0.203256
2676.81	-0.439091
2678.16	0.384896
2679.51	0.165702
2680.86	0.16568
2682.21	-0.0064621
2683.56	0.504741
2684.91	0.452033
2686.26	0.0953798
2687.61	0.101181
2688.96	0.322948
2690.3	0.0194921
2691.65	0.148697
2693	0.72517
2694.35	-0.0925894
2695.7	0.495984
2697.04	0.389577
2698.39	0.357669
2699.74	0.487698
2701.08	0.548118
2702.43	0.104018
2703.77	0.60317
2705.12	0.538235
2706.47	-0.00530148
2707.81	1.01743
2709.16	0.399986
2710.5	0.638249
2711.85	0.571168
2713.19	-0.309924
2714.53	0.421774
2715.88	0.659468
2717.22	-0.237355
2718.57	0.276086
2719.91	0.629142
2721.25	0.341259
2722.59	0.430955
2723.94	0.621803
2725.28	0.680954
2726.62	0.506603
2727.96	0.899364
2729.3	0.462167
2730.65	1.01426
2731.99	0.300426
2733.33	0.445164
2734.67	0.284685
2736.01	0.15364
2737.35	0.459144
2738.69	0.531904
2740.03	0.706074
2741.37	0.0942774
2742.71	0.252168
2744.05	0.467012
2745.38	0.462795
2746.72	0.00771046
2748.06	0.147829
2749.4	0.0122108
2750.74	0.0945511
2752.07	0.742642
2753.41	0.115273
2754.75	0.705604
2756.09	-0.036727
2757.42	0.27864
2758.76	0.666617
2760.09	0.172174
2761.43	0.489035
2762.77	-0.408861
2764.1	-0.018404
2765.44	0.140531
2766.77	0.385566
2768.11	0.0794554
2769.44	0.364354
2770.77	0.0686293
2772.11	0.175493
2773.44	0.150675
2774.77	-0.177751
2776.11	0.214508
2777.44	0.433947
2778.77	0.280007
2780.11	-0.0596876
2781.44	-0.111191
2782.77	0.196311
2784.1	0.00135136
2785.43	-0.537374
2786.77	-0.387629
2788.1	0.0489635
2789.43	0.243055
2790.76	-0.319619
2792.09	-0.280193
2793.42	0.160198
2794.75	0.443276
2796.08	0.168454
2797.41	-0.27847
2798.74	-0.0691309
2800.07	-0.0604534
2801.4	0.104719
2802.72	0.540336
2804.05	-0.136468
2805.38	0.497137
2806.71	0.303451
2808.04	0.066349
2809.36	0.297917
2810.69	0.415529
2812.02	0.420364
2813.34	0.512082
2814.67	0.237423
2816	-0.0205994
2817.32	-0.0358286
2818.65	0.800299
2819.97	0.375029
2821.3	0.5727
2822.62	0.8968
2823.95	0.667192
2825.27	0.380444
2826.6	0.731138
2827.92	0.940922
2829.25	0.65608
2830.57	0.938293
2831.89	0.923586
2833.22	1.58824
2834.54	1.53045
2835.86	1.48601
2837.18	1.76613
2838.51	2.399
2839.83	2.60692
2841.15	2.54626
2842.47	3.78678
2843.79	3.81262
2845.11	4.56057
2846.43	4.73026
2847.76	4.74522
2849.08	5.22668
2850.4	5.42493
2851.72	5.04275
2853.04	6.511
2854.36	5.73133
2855.67	5.92638
2856.99	6.03657
2858.31	6.45757
2859.63	6.00283
2860.95	6.67752
2862.27	6.71606
2863.58	6.58447
2864.9	7.24259
2866.22	7.57585
2867.54	7.64148
2868.85	7.83486
2870.17	7.62021
2871.49	7.49055
2872.8	8.00873
2874.12	8.53932
2875.43	8.2646
2876.75	8.91709
2878.07	8.87771
2879.38	9.10494
2880.7	9.31849
2882.01	8.87315
2883.32	9.06235
2884.64	9.00071
2885.95	9.33343
2887.27	9.51183
2888.58	10.1102
2889.89	9.54236
2891.21	9.78641
2892.52	10.4354
2893.83	10.7892
2895.14	10.1352
2896.46	10.6732
2897.77	10.5835
2899.08	10.7198
2900.39	10.8578
2901.7	11.4865
2903.01	10.7867
2904.32	11.9476
2905.63	11.4585
2906.94	12.6911
2908.25	12.5827
2909.56	12.5182
2910.87	13.2246
2912.18	13.9453
2913.49	13.2646
2914.8	12.9448
2916.11	13.6572
2917.42	13.5961
2918.72	14.3442
2920.03	14.518
2921.34	13.9381
2922.65	14.5633
2923.95	14.9538
2925.26	14.8717
2926.57	15.0426
2927.88	14.976
2929.18	15.0204
2930.49	14.8958
2931.79	15.0917
2933.1	14.8677
2934.4	15.0909
2935.71	14.6155
2937.01	15.4122
2938.32	14.0153
2939.62	14.5335
2940.93	13.8231
2942.23	13.4219
2943.54	13.3166
2944.84	12.3194
2946.14	12.1491
2947.45	11.4903
2948.75	11.1805
2950.05	11.2463
2951.35	10.9865
2952.66	10.513
2953.96	10.6107
2955.26	10.1756
2956.56	9.54632
2957.86	9.01883
2959.16	9.35027
2960.46	8.52454
2961.77	8.61286
2963.07	8.46439
2964.37	7.65495
2965.66	7.99383
2966.96	8.07708
2968.26	7.49715
2969.56	7.07014
2970.86	6.65675
2972.16	6.79234
2973.46	7.21011
2974.76	6.12196
2976.06	6.96113
2977.35	6.3761
2978.65	5.90064
2979.95	5.99937
2981.25	5.6172
2982.54	5.71249
2983.84	5.56923
2985.14	5.16095
2986.43	4.74149
2987.73	4.87272
2989.02	4.6123
2990.32	4.9005
2991.62	4.28844
2992.91	3.42163
2994.21	3.12903
2995.5	3.62125
2996.8	3.42385
2998.09	3.29638
2999.38	2.29975
3000.68	2.73501
3001.97	2.9467
3003.26	2.55645
3004.56	2.11063
3005.85	2.26684
3007.14	1.83402
3008.43	1.65209
3009.73	1.63671
3011.02	2.02533
3012.31	1.03041
3013.6	1.55766
3014.89	0.983489
3016.19	1.24711
3017.48	0.690212
3018.77	0.371365
3020.06	1.15172
3021.35	0.387738
3022.64	0.623506
3023.93	0.801873
3025.22	0.00820065
3026.5	0.50381
3027.79	0.22429
3029.08	0.486184
3030.37	0.197387
3031.66	0.270308
3032.95	0.193027
3034.24	-0.408054
3035.52	0.108029
3036.81	-0.0400972
3038.1	0.0848665
3039.39	0.124172
3040.67	0.284681
3041.96	0.608026
3043.25	0.190197
3044.53	0.36341
3045.82	-0.0765085
3047.1	-0.00676727
3048.39	0.1211
3049.67	-0.157259
3050.96	-0.0645514
3052.24	0.247787
3053.53	0.123595
3054.81	-0.151531
3056.1	0.335693
3057.38	0.261988
3058.67	0.309772
3059.95	0.084754
3061.23	0.323245
3062.52	0.318179
3063.8	0.315277
3065.08	0.817819
3066.36	0.0718737
3067.65	0.659933
3068.93	0.0793524
3070.21	-0.0120821
3071.49	0.289698
3072.77	0.0184727
3074.05	0.194149
3075.33	0.544891
3076.61	-0.0694408
3077.89	0.281201
3079.17	0.158335
3080.45	0.2685
3081.73	-0.0529194
3083.01	-0.277436
3084.29	0.00116444
3085.57	0.103633
3086.85	0.0290794
3088.13	0.089242
3089.41	0.0398054
3090.68	-0.145965
3091.96	0.183695
3093.24	-0.2325
3094.52	0.0435972
3095.79	0.021801
3097.07	-0.121772
3098.35	0.331037
3099.62	0.241498
3100.9	-0.132541
3102.18	0.130277
3103.45	-0.229349
3104.73	-0.479683
3106	-0.173917
3107.28	0.200889
3108.55	0.0901442
3109.83	-0.00539112
3111.1	-0.0587873
3112.38	0.349557
3113.65	0.731878
3114.93	0.20632
3116.2	0.330673
3117.47	0.535246
3118.75	0.290624
3120.02	0.397038
3121.29	0.0681982
3122.57	0.741615
3123.84	0.357616
3125.11	0.664844
3126.38	0.349967
3127.65	0.455725
3128.92	0.19713
3130.2	0.399058
3131.47	0.209122
3132.74	0.627293
3134.01	0.234276
3135.28	0.299949
3136.55	0.148902
3137.82	0.779368
3139.09	0.883018
3140.36	0.690191
3141.63	0.793713
3142.9	0.79013
3144.17	0.46518
3145.43	0.799093
3146.7	1.1203
3147.97	0.986716
3149.24	0.693625
