200.419	0.0763874
202.234	0.119831
204.048	0.164822
205.862	0.0167885
207.678	-0.616858
209.491	0.668842
211.304	-0.16172
213.116	0.996733
214.928	0.52648
216.742	0.322445
218.554	0.506157
220.365	-0.0597191
222.176	0.731167
223.986	1.1117
225.798	0.0912399
227.608	0.835085
229.417	-0.0402393
231.226	0.122007
233.035	0.379951
234.843	-0.398726
236.653	0.416126
238.46	-0.0674953
240.268	1.16443
242.074	0.929987
243.881	0.697699
245.687	1.23737
247.493	0.857241
249.298	0.472162
251.103	0.443766
252.908	1.06214
254.715	0.784218
256.519	1.01195
258.322	1.38536
260.126	0.7013
261.929	1.44205
263.731	1.4148
265.534	0.642467
267.336	0.71389
269.137	1.19451
270.938	0.902298
272.739	1.01779
274.54	0.310976
276.34	0.710306
278.14	1.27482
279.939	1.59433
281.739	0.561815
283.537	0.802114
285.336	1.68806
287.134	1.37064
288.932	0.813967
290.729	0.642818
292.526	0.689537
294.323	0.595278
296.117	1.436
297.913	0.867842
299.709	-0.0335846
301.504	1.33424
303.299	0.861134
305.093	1.98512
306.888	1.50809
308.682	0.91186
310.475	1.41309
312.268	1.65392
314.059	1.3498
315.852	1.40618
317.644	0.417845
319.436	0.384478
321.227	0.996511
323.018	2.20665
324.807	1.55769
326.597	2.10195
328.387	2.50307
330.177	1.75589
331.967	1.46016
333.753	1.30457
335.542	1.12117
337.331	2.17795
339.119	2.17784
340.906	2.00731
342.691	1.16598
344.478	1.3526
346.265	1.10993
348.051	1.17897
349.835	0.7952
351.621	1.07992
353.406	0.862392
355.189	1.71653
356.973	0.469347
358.757	1.38961
360.541	1.30641
362.323	1.86408
364.106	1.34946
365.889	0.240398
367.669	1.00699
369.451	1.50972
371.233	1.55973
373.012	1.70292
374.793	0.923357
376.574	0.6413
378.353	0.454985
380.133	0.765203
381.91	0.77079
383.69	1.17838
385.469	0.976458
387.245	1.34075
389.024	0.226791
390.8	1.01735
392.577	1.0341
394.353	0.159447
396.129	0.858843
397.906	-0.109087
399.68	0.26129
401.456	0.77187
403.23	1.2813
405.005	0.215775
406.778	0.299809
408.552	0.617521
410.325	0.464993
412.099	0.969625
413.87	0.958498
415.643	-0.248104
417.414	0.963369
419.187	0.181404
420.957	0.901714
422.728	0.236839
424.498	0.650505
426.269	0.94524
428.038	0.0412235
429.806	0.685673
431.576	0.250244
433.344	0.824495
435.114	0.577837
436.881	-0.138302
438.649	0.341354
440.416	0.959259
442.182	0.846203
443.949	0.237198
445.715	0.328587
447.48	-0.0971889
449.247	0.412283
451.011	0.290113
452.777	-0.251557
454.541	-0.348837
456.304	-0.00320816
458.069	1.15668
459.832	0.569524
461.594	0.123812
463.358	-0.0167522
465.119	0.613392
466.881	0.0398903
468.642	0.284118
470.404	0.136385
472.165	0.38509
473.925	0.283626
475.684	0.598375
477.445	0.606757
479.204	0.192618
480.963	0.778343
482.721	1.59701
484.481	0.670858
486.239	0.493136
487.996	0.831635
489.753	1.31398
491.511	0.748485
493.268	1.1177
495.023	0.084774
496.779	0.407423
498.534	0.261573
500.289	0.724397
502.046	0.881813
503.8	0.685598
505.554	0.698689
507.307	0.380234
509.06	0.34121
510.813	0.511247
512.566	0.796309
514.32	0.984667
516.072	1.24116
517.823	0.86041
519.574	0.525206
521.325	1.29331
523.076	1.00298
524.826	0.149252
526.576	0.258169
528.325	1.04695
530.074	1.03793
531.823	0.653481
533.572	0.291531
535.32	0.933896
537.068	0.61466
538.815	0.620478
540.562	0.647566
542.309	-0.00230312
544.056	0.302557
545.802	0.397456
547.547	1.00299
549.293	1.09752
551.038	0.497512
552.783	0.50053
554.527	0.965983
556.271	1.31551
558.015	0.811761
559.759	0.494122
561.502	0.707429
563.245	0.990378
564.987	0.124647
566.729	-0.164604
568.471	-0.17673
570.213	0.386553
571.954	-0.0118399
573.693	-0.223878
575.433	0.209281
577.173	-0.134822
578.913	0.326478
580.652	0.858411
582.392	0.72471
584.13	0.222163
585.867	0.568464
587.605	-0.260343
589.343	0.150952
591.08	-0.681669
592.817	-0.0656986
594.552	-0.255262
596.289	-0.651835
598.025	0.10189
599.761	0.670967
601.496	0.0884056
603.229	0.469913
604.964	-0.27775
606.699	-0.0618143
608.433	0.175488
610.165	-0.23036
611.898	0.328371
613.631	0.0395393
615.364	0.0500212
617.095	0.0379238
618.827	0.0479221
620.559	-0.0353889
622.288	0.634295
624.02	-0.00143814
625.75	0.00329018
627.479	0.671791
629.209	-0.254564
630.939	0.443441
632.667	-0.0189171
634.396	0.022541
636.125	0.428804
637.851	0.558424
639.58	-0.183694
641.305	0.233255
643.033	0.75948
644.76	-0.311209
646.485	-0.0601311
648.212	0.375351
649.936	0.588318
651.662	0.853094
653.388	-0.239172
655.111	-0.644822
656.836	0.386976
658.558	0.168886
660.283	0.406103
662.005	0.138788
663.728	0.690033
665.45	0.11754
667.173	0.593424
668.893	-0.0753975
670.616	-0.263051
672.336	0.559225
674.057	-0.239455
675.777	-0.600409
677.498	0.256012
679.216	0.448441
680.937	0.248886
682.655	-0.183966
684.375	-0.390584
686.092	0.182379
687.809	0.937336
689.528	-0.175146
691.244	0.300497
692.962	0.752079
694.678	-0.110462
696.393	-0.582828
698.111	0.416496
699.825	-0.358767
701.54	0.0608006
703.256	-0.0273228
704.97	0.572577
706.685	0.137957
708.398	1.10221
710.111	0.460342
711.826	0.482845
713.538	0.0244904
715.25	0.572149
716.961	-0.388172
718.675	0.706392
720.386	1.18398
722.096	-0.0696526
723.808	0.362635
725.518	0.907707
727.228	0.565552
728.937	0.155266
730.648	0.243767
732.357	0.195631
734.065	0.441399
735.773	-0.12693
737.483	0.728973
739.19	0.682011
740.897	0.524015
742.604	0.413265
744.31	0.237312
746.018	0.851408
747.724	0.500025
749.429	0.51087
751.134	0.433849
752.839	0.718821
754.544	0.623667
756.248	0.463348
757.953	-0.14492
759.657	-0.503761
761.36	1.07759
763.063	0.586441
764.765	0.568354
766.468	0.638906
768.169	0.367596
769.871	0.0474854
771.572	1.23925
773.273	0.800602
774.976	0.135115
776.676	1.03061
778.376	1.20464
780.075	0.883663
781.775	1.49193
783.474	0.652544
785.172	1.14656
786.871	0.844721
788.569	1.64695
790.266	1.4931
791.964	0.815155
793.661	0.632536
795.358	0.923491
797.054	1.2604
798.75	1.149
800.446	0.703064
802.141	0.214886
803.834	1.84223
805.529	0.860373
807.224	0.889263
808.918	1.65736
810.612	1.21074
812.305	1.03234
813.998	0.942947
815.691	1.25627
817.384	1.16639
819.076	0.875635
820.766	1.61289
822.458	1.14465
824.149	1.16893
825.84	1.39599
827.531	1.20306
829.221	1.48232
830.909	1.41018
832.599	1.16442
834.288	1.54606
835.977	1.14923
837.666	0.2607
839.353	0.709234
841.041	1.17804
842.729	0.952375
844.416	0.904577
846.103	1.0813
847.788	0.880808
849.475	1.15384
851.161	1.40891
852.845	1.33143
854.53	1.54711
856.216	1.5609
857.901	1.32563
859.583	1.15476
861.268	1.99398
862.952	1.29951
864.633	1.41364
866.317	1.5714
868	1.00663
869.681	0.959618
871.363	1.00231
873.045	0.819098
874.725	0.74855
876.406	0.76828
878.088	0.855778
879.767	0.694864
881.447	0.713966
883.125	0.709391
884.805	1.2223
886.483	0.965467
888.162	0.999542
889.841	0.715305
891.518	1.42065
893.196	1.10941
894.872	0.706753
896.55	1.20228
898.225	0.482548
899.902	0.346094
901.577	0.791241
903.254	0.137909
904.928	0.312845
906.604	0.152874
908.277	0.0834827
909.952	0.973196
911.625	0.527733
913.3	-0.0046196
914.972	-0.624155
916.646	0.754066
918.318	0.977201
919.991	1.06723
921.662	0.339527
923.333	-0.584116
925.005	0.815466
926.675	0.0968571
928.347	1.1252
930.017	0.279364
931.686	0.0527725
933.357	1.04002
935.025	-0.553375
936.693	1.05223
938.363	0.652094
940.031	-0.0989971
941.698	0.828205
943.367	-0.0964661
945.034	0.545296
946.7	0.788218
948.368	1.11653
950.034	0.536797
951.699	0.440737
953.367	0.521215
955.031	0.670261
956.696	0.0077877
958.36	0.541325
960.026	0.108727
961.689	-0.18939
963.353	0.661404
965.016	0.603859
966.68	0.82962
968.343	0.453493
970.005	-0.302116
971.666	0.11342
973.328	0.706398
974.991	0.439133
976.652	-0.444468
978.312	0.974619
979.972	1.00156
981.632	1.02794
983.292	0.233059
984.953	1.00677
986.612	0.847292
988.27	0.308849
989.929	0.100557
991.587	0.024044
993.244	0.43327
994.902	0.511057
996.559	-0.205256
998.216	0.93137
999.872	1.53744
1001.53	1.61358
1003.19	1.49085
1004.84	0.532068
1006.5	-0.20577
1008.15	1.40731
1009.81	-0.470448
1011.46	0.549757
1013.11	0.0352802
1014.77	-0.0179482
1016.42	0.301691
1018.07	0.0529423
1019.73	1.11798
1021.38	-0.548986
1023.03	0.519011
1024.68	0.364323
1026.34	0.735117
1027.99	0.275625
1029.64	0.492521
1031.29	0.729225
1032.94	0.417395
1034.59	0.43047
1036.24	0.659313
1037.89	0.341827
1039.53	0.873613
1041.18	1.18814
1042.83	0.330616
1044.48	0.693581
1046.13	0.386145
1047.77	1.27639
1049.42	0.301641
1051.07	0.458282
1052.71	0.746687
1054.36	0.775108
1056	0.434074
1057.65	0.657677
1059.3	1.5111
1060.94	1.97225
1062.59	1.67102
1064.23	0.802902
1065.87	0.737633
1067.52	0.648867
1069.16	0.210947
1070.8	-0.0322323
1072.44	0.636253
1074.09	-0.0837116
1075.73	1.25911
1077.37	0.478207
1079.01	0.610348
1080.65	0.808828
1082.29	1.3326
1083.93	1.096
1085.57	0.0547657
1087.21	0.852741
1088.85	0.433821
1090.49	0.575178
1092.13	0.411703
1093.77	0.679594
1095.41	0.925674
1097.04	1.99183
1098.68	1.3785
1100.32	1.4794
1101.95	0.636709
1103.59	0.528978
1105.23	0.810659
1106.86	1.05027
1108.5	0.988298
1110.13	0.688068
1111.77	0.0845451
1113.4	0.574528
1115.04	0.417839
1116.67	0.32472
1118.31	0.489134
1119.94	0.183107
1121.57	0.585655
1123.2	0.68993
1124.84	0.111134
1126.47	0.903019
1128.1	1.50337
1129.73	0.757717
1131.36	0.740122
1132.99	1.08645
1134.62	0.62027
1136.25	0.0890694
1137.88	0.0906048
1139.51	-0.0806465
1141.14	0.17363
1142.77	0.917606
1144.4	-0.343801
1146.03	1.1045
1147.66	0.61397
1149.28	0.146511
1150.91	0.297806
1152.54	0.300011
1154.16	-0.528616
1155.79	-0.250673
1157.42	0.239639
1159.04	1.00672
1160.67	0.328814
1162.29	-0.240744
1163.92	-0.213297
1165.54	0.155178
1167.17	-0.0720348
1168.79	-0.00324059
1170.41	-0.510981
1172.04	0.550747
1173.66	0.185915
1175.28	-0.1168
1176.9	0.088871
1178.53	0.0403156
1180.15	0.119938
1181.77	0.0951252
1183.39	-0.139988
1185.01	0.385946
1186.63	-0.293846
1188.25	0.0375919
1189.87	0.407461
1191.49	0.0576191
1193.11	-0.272751
1194.73	-0.246611
1196.35	0.597124
1197.96	-0.590942
1199.58	-0.100296
1201.2	0.0378132
1202.82	-0.00798988
1204.43	0.284309
1206.05	0.871979
1207.66	0.898392
1209.28	0.612417
1210.9	0.971809
1212.51	0.390013
1214.13	0.930403
1215.74	1.02911
1217.36	0.375732
1218.97	1.01037
1220.58	0.14879
1222.2	1.17723
1223.81	1.3563
1225.42	1.78608
1227.04	0.479729
1228.65	1.22466
1230.26	0.544447
1231.87	1.10683
1233.48	2.27037
1235.1	1.8445
1236.71	1.17263
1238.32	1.90806
1239.93	0.990707
1241.53	2.22431
1243.14	1.55463
1244.75	1.62833
1246.36	1.99003
1247.97	1.543
1249.58	2.00511
1251.19	2.01143
1252.8	1.08727
1254.4	1.90183
1256.01	2.4493
1257.62	1.6957
1259.22	2.08186
1260.83	1.47618
1262.43	1.2229
1264.04	1.23878
1265.64	1.95858
1267.25	1.8692
1268.85	3.31238
1270.46	2.39039
1272.06	2.95933
1273.66	3.31903
1275.27	2.64043
1276.87	2.10556
1278.48	2.29464
1280.08	2.27542
1281.68	2.58683
1283.28	2.07062
1284.88	2.23815
1286.48	3.25465
1288.08	2.90836
1289.68	2.15049
1291.28	2.88148
1292.88	2.84771
1294.48	4.27938
1296.08	3.62216
1297.68	3.66435
1299.28	3.16703
1300.88	3.49231
1302.48	3.46462
1304.07	3.20886
1305.67	2.4383
1307.27	2.61316
1308.87	3.81288
1310.46	3.35004
1312.06	2.86837
1313.65	3.37066
1315.25	2.95424
1316.85	2.80563
1318.44	2.76026
1320.03	2.69439
1321.63	3.36041
1323.22	3.26955
1324.82	3.35872
1326.41	2.79555
1328	2.88155
1329.6	3.13022
1331.19	2.95631
1332.78	3.4938
1334.37	2.45955
1335.96	2.62003
1337.56	2.88217
1339.15	3.58638
1340.74	3.36018
1342.33	2.26527
1343.92	2.5964
1345.51	2.30244
1347.1	2.10954
1348.69	2.72108
1350.28	2.05481
1351.86	2.71386
1353.45	2.49613
1355.04	2.14093
1356.63	2.00636
1358.21	1.6115
1359.8	2.07401
1361.39	2.95344
1362.97	2.07504
1364.56	2.17389
1366.15	2.29292
1367.73	2.05469
1369.32	2.39596
1370.9	2.24187
1372.49	2.76672
1374.07	2.23887
1375.65	2.82647
1377.24	2.26017
1378.82	1.5935
1380.41	1.84051
1381.99	2.0455
1383.57	2.08908
1385.15	2.44894
1386.73	2.54936
1388.32	1.43858
1389.9	1.04442
1391.48	2.29892
1393.06	2.30426
1394.64	1.08057
1396.22	1.80039
1397.8	2.75652
1399.38	1.82782
1400.96	2.40353
1402.54	1.31487
1404.11	2.54198
1405.69	2.18677
1407.27	2.42627
1408.85	2.56825
1410.43	2.01969
1412	2.00456
1413.58	2.99518
1415.16	3.01659
1416.73	2.72093
1418.31	2.58253
1419.88	2.75998
1421.46	2.95875
1423.03	3.08136
1424.61	2.55729
1426.18	3.72811
1427.76	4.0733
1429.33	3.985
1430.9	3.99347
1432.48	3.88173
1434.05	4.92894
1435.62	5.18797
1437.2	4.89667
1438.77	4.86242
1440.34	5.55723
1441.91	5.34977
1443.48	5.32055
1445.05	4.74175
1446.62	5.5391
1448.19	5.47193
1449.76	5.34628
1451.33	5.45742
1452.9	4.50761
1454.47	4.99408
1456.04	4.91012
1457.61	5.65147
1459.17	5.09163
1460.74	5.21728
1462.31	5.2606
1463.88	4.47476
1465.44	4.74895
1467.01	4.13813
1468.58	4.05868
1470.14	3.72577
1471.71	3.14009
1473.27	2.96848
1474.84	3.73952
1476.4	3.04058
1477.97	3.2242
1479.53	2.87839
1481.1	2.49326
1482.66	2.97035
1484.22	2.34979
1485.78	2.02269
1487.35	2.04701
1488.91	2.63687
1490.47	2.40121
1492.03	3.13971
1493.59	2.21281
1495.16	1.8896
1496.72	1.91602
1498.28	2.37006
1499.84	1.94923
1501.4	1.10407
1502.96	0.999542
1504.52	0.412239
1506.08	1.54928
1507.64	1.67755
1509.19	1.20501
1510.75	1.07896
1512.31	1.12526
1513.87	1.44023
1515.42	1.27408
1516.98	1.41645
1518.54	1.31043
1520.1	0.765055
1521.65	0.412529
1523.21	0.996848
1524.76	0.891318
1526.32	1.22299
1527.87	1.24762
1529.43	0.738846
1530.98	1.25677
1532.54	0.939712
1534.09	0.757413
1535.64	0.747399
1537.2	1.74025
1538.75	1.24104
1540.3	1.02628
1541.85	1.13232
1543.41	1.63324
1544.96	0.252666
1546.51	0.752759
1548.06	1.27033
1549.61	1.84297
1551.16	1.647
1552.71	1.45222
1554.26	1.52093
1555.81	0.844646
1557.36	1.68386
1558.91	1.23794
1560.46	1.4855
1562.01	1.73555
1563.56	1.31579
1565.1	1.75514
1566.65	1.16839
1568.2	1.38367
1569.75	2.69964
1571.29	2.4098
1572.84	2.00742
1574.38	2.05279
1575.93	2.30351
1577.48	1.78916
1579.02	1.72344
1580.57	1.65866
1582.11	2.23005
1583.65	1.38327
1585.2	2.20034
1586.74	2.32709
1588.29	1.68729
1589.83	2.54356
1591.37	2.59485
1592.92	2.42066
1594.46	1.90871
1596	3.06398
1597.54	2.83372
1599.08	2.37936
1600.62	2.73236
1602.16	2.56095
1603.7	2.10765
1605.24	2.98671
1606.78	3.05607
1608.32	2.35156
1609.86	2.69574
1611.4	2.62259
1612.94	2.56497
1614.48	2.24246
1616.02	2.25721
1617.56	1.78527
1619.09	2.34606
1620.63	2.57167
1622.17	2.05043
1623.71	2.11107
1625.24	1.77866
1626.78	2.32479
1628.31	2.36338
1629.85	2.30618
1631.39	1.48103
1632.92	1.45932
1634.46	2.05406
1635.99	2.10833
1637.52	1.39935
1639.06	2.18334
1640.59	1.92318
1642.12	2.55647
1643.66	2.03295
1645.19	2.08495
1646.72	2.52591
1648.25	2.40821
1649.79	2.60692
1651.32	2.26875
1652.85	3.3982
1654.38	3.6386
1655.91	3.36098
1657.44	3.25019
1658.97	3.36045
1660.5	3.22776
1662.03	2.96326
1663.56	2.86357
1665.09	2.50445
1666.62	2.03569
1668.15	3.28446
1669.67	1.71397
1671.2	2.67152
1672.73	1.97242
1674.26	2.15837
1675.79	1.69952
1677.31	1.90225
1678.84	2.28708
1680.36	1.95275
1681.89	1.91155
1683.42	1.5944
1684.94	1.14928
1686.47	0.980308
1687.99	1.38038
1689.51	0.956245
1691.04	1.02727
1692.56	1.94016
1694.08	0.309517
1695.61	1.2763
1697.13	0.597164
1698.65	1.32439
1700.18	0.827296
1701.7	0.986594
1703.22	0.470465
1704.74	0.464141
1706.26	0.184202
1707.78	0.413304
1709.3	0.478389
1710.82	-0.200612
1712.35	0.699305
1713.86	-0.10511
1715.39	1.19181
1716.9	-0.13628
1718.42	0.616006
1719.94	0.102854
1721.46	0.294449
1722.98	0.234132
1724.5	0.715855
1726.01	-0.223618
1727.53	0.261698
1729.05	0.316252
1730.56	0.498541
1732.08	0.554539
1733.6	0.110436
1735.11	0.615289
1736.63	0.765188
1738.14	0.471056
1739.66	0.30943
1741.17	0.573349
1742.69	-0.0417824
1744.2	0.544681
1745.71	0.511069
1747.23	0.365707
1748.74	0.0508394
1750.25	0.159328
1751.77	0.225432
1753.28	0.75976
1754.79	0.597966
1756.3	0.317919
1757.81	0.503354
1759.33	0.0480251
1760.84	-0.105026
1762.35	-0.187235
1763.86	0.0509157
1765.37	-0.0387287
1766.88	0.000320435
1768.39	-0.00106525
1769.9	-0.401342
1771.41	-0.454535
1772.91	0.226386
1774.42	0.241588
1775.93	-0.046608
1777.44	-0.19642
1778.95	0.190649
1780.45	0.733645
1781.96	0.350387
1783.47	0.248327
1784.97	-0.143139
1786.48	0.245213
1787.99	0.179066
1789.49	0.0283175
1791	0.12514
1792.5	-0.134609
1794.01	0.273977
1795.51	0.268066
1797.01	0.290173
1798.52	0.277611
1800.02	0.10898
1801.52	-0.0482368
1803.03	-0.00202465
1804.53	0.154518
1806.03	-0.102884
1807.54	-0.0497475
1809.04	0.0436611
1810.54	0.0752325
1812.04	0.215042
1813.54	0.00771713
1815.04	0.0726423
1816.54	0.369478
1818.04	-0.0870819
1819.54	0.211076
1821.04	-0.0172434
1822.54	0.502224
1824.04	0.375162
1825.54	0.317427
1827.04	0.366084
1828.54	0.616658
1830.03	-0.176597
1831.53	0.0437794
1833.03	-0.0240374
1834.53	0.234885
1836.02	0.238279
1837.52	0.154129
1839.02	0.126105
1840.51	0.0901079
1842.01	0.00956631
1843.5	-0.0136471
1845	-0.400761
1846.49	0.0319309
1847.99	-0.143368
1849.48	0.0108948
1850.98	0.179771
1852.47	-0.479763
1853.96	0.552288
1855.46	0.278264
1856.95	0.135834
1858.44	0.215841
1859.94	-0.0979834
1861.43	-0.0686302
1862.92	-0.14554
1864.41	0.409432
1865.9	0.318546
1867.39	0.455352
1868.88	0.487056
1870.37	0.350002
1871.86	0.399295
1873.35	0.212155
1874.84	0.0467587
1876.33	0.224215
1877.82	-0.29729
1879.31	0.0239992
1880.8	-0.0236626
1882.29	0.0289183
1882.58	0.051693
1884.08	-0.263826
1885.57	0.221347
1887.06	0.548074
1888.56	0.0381994
1890.05	0.016324
1891.54	0.22198
1893.04	0.255971
1894.53	0.0317955
1896.02	0.3488
1897.51	0.406201
1899	-0.267186
1900.5	-0.455109
1901.99	0.0853348
1903.48	0.310025
1904.97	-0.0585432
1906.46	0.388729
1907.95	-0.136903
1909.44	-0.088376
1910.93	-0.177374
1912.42	-0.282416
1913.91	0.289741
1915.4	0.133501
1916.88	-0.161865
1918.37	0.443414
1919.86	-0.09585
1921.35	-0.132574
1922.84	0.472001
1924.32	-0.220833
1925.81	-0.029027
1927.3	-0.0434752
1928.78	0.497023
1930.27	-0.00143909
1931.75	0.399342
1933.24	-0.240953
1934.72	0.570555
1936.21	0.410093
1937.69	0.299973
1939.18	0.223917
1940.66	0.113888
1942.15	-0.0638084
1943.63	0.208652
1945.11	0.395907
1946.6	-0.226662
1948.08	-0.366664
1949.56	0.525962
1951.04	0.00447369
1952.53	0.394222
1954.01	0.060462
1955.49	0.465938
1956.97	-0.656844
1958.45	0.00754261
1959.93	0.0890312
1961.41	0.10263
1962.89	0.18504
1964.37	0.284228
1965.85	0.177093
1967.33	-0.136304
1968.81	-0.364717
1970.29	0.534438
1971.77	-0.463923
1973.24	-0.266191
1974.72	0.0507879
1976.2	0.248279
1977.68	0.00291061
1979.15	0.200545
1980.63	0.00665379
1982.11	0.849645
1983.58	-0.177422
1985.06	0.12042
1986.53	-0.226996
1988.01	0.0531158
1989.48	-0.107003
1990.96	0.0725174
1992.43	0.151697
1993.91	-0.443969
1995.38	-0.193083
1996.86	0.0413313
1998.33	0.157306
1999.8	0.27256
2001.27	0.251845
2002.75	-0.056283
2004.22	0.175171
2005.69	0.255255
2007.16	-0.135243
2008.64	0.351456
2010.11	0.266778
2011.58	0.418545
2013.05	0.553493
2014.52	-0.153654
2015.99	0.265612
2017.46	-0.191224
2018.93	-0.262193
2020.4	0.523046
2021.87	-0.153694
2023.34	0.496729
2024.8	0.090744
2026.27	-0.229403
2027.74	0.37504
2029.21	0.142982
2030.68	0.852243
2032.14	-0.19876
2033.61	-0.830121
2035.08	-0.353601
2036.54	0.257097
2038.01	0.564927
2039.48	0.737865
2040.94	0.00306129
2042.41	0.647272
2043.87	0.14922
2045.34	-0.2133
2046.8	0.0478268
2048.27	0.0569563
2049.73	0.453238
2051.19	0.359424
2052.66	0.0271797
2054.12	0.299441
2055.58	0.333096
2057.05	0.0782166
2058.51	0.0414801
2059.97	0.358302
2061.43	-0.166366
2062.9	0.387734
2064.36	0.185712
2065.82	-0.0316715
2067.28	0.273838
2068.74	0.0248022
2070.2	0.600968
2071.66	0.133573
2073.12	-0.350985
2074.58	0.106986
2076.04	0.514038
2077.5	0.314343
2078.95	0.164598
2080.41	0.367829
2081.87	0.385024
2083.33	-0.591862
2084.79	0.0462055
2086.24	0.161374
2087.7	0.410093
2089.16	0.523553
2090.61	0.317471
2092.07	-0.14032
2093.53	0.140527
2094.98	0.152384
2096.44	0.515472
2097.89	0.441684
2099.35	0.400596
2100.8	0.392593
2102.26	0.151024
2103.71	0.528822
2105.16	0.373975
2106.62	0.62163
2108.07	0.620446
2109.53	0.469644
2110.98	0.61817
2112.43	0.431424
2113.88	0.0925951
2115.33	0.999955
2116.79	1.05669
2118.24	0.532531
2119.69	0.625253
2121.14	0.222966
2122.59	0.702681
2124.04	0.471214
2125.49	0.870766
2126.94	0.72271
2128.39	1.20312
2129.84	0.769856
2131.29	0.76572
2132.74	0.94255
2134.19	0.457481
2135.63	0.618918
2137.08	0.617043
2138.53	0.634329
2139.98	0.836086
2141.43	0.626962
2142.87	0.89893
2144.32	1.38709
2145.77	1.03176
2147.21	1.32142
2148.66	1.42816
2150.1	1.13607
2151.55	1.3395
2152.99	1.52495
2154.44	1.60978
2155.88	1.54484
2157.33	1.79479
2158.77	1.20103
2160.21	1.58658
2161.66	1.59377
2163.1	2.05135
2164.55	1.53293
2165.99	1.86173
2167.43	1.84192
2168.87	1.65421
2170.31	1.82955
2171.76	1.81886
2173.2	2.18788
2174.64	2.27201
2176.08	2.00603
2177.52	1.65737
2178.96	1.39307
2180.4	1.41287
2181.84	1.41732
2183.28	1.43924
2184.72	1.86076
2186.16	1.58383
2187.6	1.7561
2189.04	1.2628
2190.47	1.53498
2191.91	1.8901
2193.35	1.36173
2194.79	1.23096
2196.23	1.54701
2197.66	1.4606
2199.1	1.43829
2200.54	1.28161
2201.97	1.34082
2203.41	1.20186
2204.84	1.2139
2206.28	1.57548
2207.71	1.5896
2209.15	0.874811
2210.58	0.771946
2212.02	0.98204
2213.45	1.38915
2214.89	0.821034
2216.32	1.09641
2217.75	0.878201
2219.19	0.694959
2220.62	0.199813
2222.05	1.30375
2223.48	0.758402
2224.92	1.19951
2226.35	0.798376
2227.78	0.938035
2229.21	0.730695
2230.64	0.735991
2232.07	0.642661
2233.5	0.680923
2234.93	0.393162
2236.36	0.924447
2237.79	0.396091
2239.22	0.637916
2240.65	0.409367
2242.08	0.395454
2243.51	0.122278
2244.94	0.338877
2246.37	0.554526
2247.79	0.425397
2249.22	0.358516
2250.65	0.125714
2252.08	0.493109
2253.5	0.533483
2254.93	-0.0755758
2256.36	-0.0647411
2257.78	0.403649
2259.21	-0.0327625
2260.63	0.183828
2262.06	0.793458
2263.48	0.610101
2264.91	0.394391
2266.33	0.373036
2267.76	0.334253
2269.18	-0.0801668
2270.6	0.187801
2272.03	0.471518
2273.45	0.315392
2274.87	0.110455
2276.3	0.475996
2277.72	-0.0870123
2279.14	-0.0470486
2280.56	0.172231
2281.98	-1.23978e-005
2283.41	-0.123511
2284.83	0.177296
2286.25	-0.0274572
2287.67	0.307007
2289.09	0.184958
2290.51	0.422868
2291.93	-0.482958
2293.35	0.196984
2294.77	0.0430517
2296.19	-0.0620365
2297.61	0.242108
2299.02	0.0387259
2300.44	-0.017065
2301.86	0.370232
2303.28	0.0692444
2304.7	-0.11694
2306.11	0.517744
2307.53	0.215969
2308.95	-0.0539675
2310.36	0.0368633
2311.78	0.538445
2313.2	0.382137
2314.61	-0.168714
2316.03	-0.0932579
2317.44	0.395214
2318.86	-0.186701
2320.27	0.236507
2321.69	-0.265478
2323.1	0.632524
2324.51	0.141047
2325.93	0.125094
2327.34	0.321239
2328.76	0.417273
2330.17	0.4641
2331.58	0.100578
2332.99	-0.195284
2334.41	-0.0949469
2335.82	0.285308
2337.23	0.237119
2338.64	0.417741
2340.05	0.103634
2341.46	0.0184822
2342.87	-0.477492
2344.28	0.339113
2345.69	0.532272
2347.1	0.0213213
2348.51	-0.0633993
2349.92	-0.0503998
2351.33	0.353801
2352.74	-0.0932951
2354.15	-0.0187464
2355.56	-0.0593662
2356.97	-0.491095
2358.37	0.0376444
2359.78	-0.393128
2361.19	-0.352201
2362.6	-0.0519848
2364	0.296021
2365.41	0.254942
2366.82	-0.125141
2368.22	-0.0354176
2369.63	0.410437
2371.03	0.470612
2372.44	0.017086
2373.84	-0.0159502
2375.25	-0.257713
2376.65	-0.660687
2378.06	-0.0516682
2379.46	0.088459
2380.86	0.161844
2382.27	0.0407038
2383.67	0.367043
2385.07	-0.0594711
2386.48	0.138668
2387.88	0.337634
2389.28	0.107399
2390.69	-0.280001
2392.09	-0.665261
2393.49	0.0331964
2394.89	-0.142633
2396.29	-0.174289
2397.69	0.239923
2399.09	0.209817
2400.49	0.386923
2401.89	0.453212
2403.29	-0.0204258
2404.69	0.680539
2406.09	0.0306501
2407.49	0.173289
2408.89	-0.272069
2410.29	-0.0675211
2411.69	0.311408
2413.08	0.152721
2414.48	-0.0199213
2415.88	0.221098
2417.28	-0.216825
2418.67	-0.0202732
2420.07	0.0501022
2421.47	0.45298
2422.86	0.332658
2424.26	0.101005
2425.65	-0.0989027
2427.05	0.12976
2428.45	-0.274419
2429.84	0.242259
2431.23	0.0304184
2432.63	0.0566845
2434.02	-0.0924892
2435.42	0.296828
2436.81	0.350574
2438.2	0.449836
2439.6	0.197794
2440.99	0.468658
2442.38	0.0877514
2443.78	0.563599
2445.17	0.0712748
2446.56	0.165753
2447.95	0.402576
2449.34	0.11645
2450.73	0.432547
2452.13	-0.0580444
2453.52	-0.120049
2454.91	-0.117599
2456.3	-0.0667753
2457.69	0.000265121
2459.08	0.130317
2460.47	0.133008
2461.85	0.324298
2463.24	0.466949
2464.63	0.324294
2466.02	-0.102919
2467.41	0.49614
2468.8	0.526571
2470.19	0.241259
2471.57	0.176251
2472.96	0.0788517
2474.35	-0.145416
2475.73	0.101648
2477.12	-0.280849
2478.51	0.577818
2479.89	-0.133807
2481.28	-0.34236
2482.66	0.263982
2484.05	-0.0549164
2485.43	0.016511
2486.82	-0.0856104
2488.2	0.123079
2489.59	-0.137263
2490.97	-0.0858545
2492.35	0.168211
2493.74	-0.197899
2495.12	0.229633
2496.5	0.0846634
2497.89	-0.306765
2499.27	0.215863
2500.65	0.257788
2502.03	-0.0105515
2503.42	-0.387852
2504.8	0.699694
2506.18	0.289536
2507.56	0.326262
2508.94	0.455319
2510.32	-0.198481
2511.7	-0.144397
2513.08	0.247841
2514.46	0.150496
2515.84	-0.588358
2517.22	0.173766
2518.6	0.17134
2519.98	0.49002
2521.36	0.212332
2522.73	-0.218596
2524.11	0.173517
2525.49	-0.0150681
2526.87	-0.173245
2528.25	0.23236
2529.62	-0.182185
2531	0.393736
2532.38	0.0751181
2533.75	0.18384
2535.13	0.232724
2536.5	-0.295806
2537.88	0.35968
2539.25	-0.0191431
2540.63	0.466514
2542.01	0.313905
2543.38	-0.0809546
2544.75	0.466021
2546.13	0.347179
2547.5	0.275519
2548.88	-0.159142
2550.25	0.726252
2551.62	0.00250435
2553	0.187982
2554.37	0.235444
2555.74	0.539561
2557.11	0.630409
2558.49	0.417765
2559.86	0.220759
2561.23	0.17613
2562.6	0.450615
2563.97	0.407626
2565.34	0.198519
2566.71	0.050333
2568.08	0.599385
2569.45	0.496769
2570.82	0.409291
2572.19	0.230893
2573.56	0.204163
2574.93	0.162369
2576.3	0.438985
2577.67	0.472908
2579.03	0.551993
2580.4	0.145338
2581.77	0.0868597
2583.14	-0.0631008
2584.5	0.0898333
2585.87	-0.151458
2587.24	0.350119
2588.6	0.291099
2589.97	0.32314
2591.34	0.0367508
2592.7	0.113388
2594.07	0.0828304
2595.43	0.232595
2596.8	0.274857
2598.16	-0.0470905
2599.53	0.416992
2600.89	-0.0410156
2602.26	0.211926
2603.62	0.254196
2604.98	0.206636
2606.35	0.400682
2607.71	0.609164
2609.07	0.318886
2610.44	0.0422773
2611.8	0.21574
2613.16	-0.108872
2614.52	0.347171
2615.88	0.216709
2617.25	-0.0630503
2618.61	-0.116832
2619.97	0.264435
2621.33	0.0479946
2622.69	0.101503
2624.05	0.379197
2625.41	0.0893831
2626.77	0.187283
2628.13	-0.0730476
2629.49	0.143041
2630.85	0.2841
2632.21	0.0531254
2633.56	0.461139
2634.92	0.289598
2636.28	0.236911
2637.64	0.139819
2639	-0.0310946
2640.35	0.49378
2641.71	0.412089
2643.07	0.493385
2644.42	0.530483
2645.78	0.25759
2647.14	0.0876875
2648.49	0.0938158
2649.85	-0.0925102
2651.2	0.323314
2652.56	-0.0845137
2653.91	0.521047
2655.27	0.320366
2656.62	0.590196
2657.98	0.378259
2659.33	-0.00775623
2660.68	0.104249
2662.04	0.245125
2663.39	0.107486
2664.74	0.10024
2666.1	0.383661
2667.45	0.447357
2668.8	0.350639
2670.15	0.690937
2671.5	0.697067
2672.86	0.587836
2674.21	0.348912
2675.56	0.473879
2676.91	0.178775
2678.26	0.508425
2679.61	0.636063
2680.96	0.31569
2682.31	0.359454
2683.66	0.187348
2685.01	0.596654
2686.36	0.397402
2687.71	0.487999
2689.06	0.286602
2690.4	0.445738
2691.75	0.399069
2693.1	0.480868
2694.45	0.720743
2695.8	0.423892
2697.14	0.388954
2698.49	0.602022
2699.84	-0.25411
2701.18	-0.18118
2702.53	0.255863
2703.88	0.288864
2705.22	0.743012
2706.57	0.182306
2707.91	0.636474
2709.26	0.567819
2710.6	0.585692
2711.95	0.283594
2713.29	1.01281
2714.64	0.579507
2715.98	0.640189
2717.32	0.889757
2718.67	0.658978
2720.01	0.631259
2721.35	1.24321
2722.7	0.719298
2724.04	1.08249
2725.38	0.702714
2726.72	0.802698
2728.06	0.669334
2729.4	0.724814
2730.75	0.99831
2732.09	0.893416
2733.43	0.745016
2734.77	0.684158
2736.11	0.536307
2737.45	0.53408
2738.79	0.386358
2740.13	0.849043
2741.47	0.772926
2742.81	0.434221
2744.15	0.00748158
2745.48	0.509917
2746.82	0.503089
2748.16	0.583089
2749.5	0.271322
2750.84	0.250142
2752.17	0.258304
2753.51	0.513129
2754.85	0.231965
2756.19	0.298743
2757.52	0.336743
2758.86	0.360599
2760.19	0.167872
2761.53	0.17847
2762.86	0.0160666
2764.2	0.403905
2765.54	-0.0909147
2766.87	0.281698
2768.2	-0.200499
2769.54	-0.192591
2770.87	0.17461
2772.21	0.106231
2773.54	0.137507
2774.88	0.413056
2776.21	-0.0176945
2777.54	-0.0730486
2778.87	-0.328915
2780.21	0.120397
2781.54	0.0812616
2782.87	-0.101231
2784.2	-0.41265
2785.53	-0.236432
2786.87	0.326528
2788.2	0.231056
2789.53	-0.235213
2790.86	-0.0133934
2792.19	-0.319696
2793.52	0.0323067
2794.85	0.226963
2796.18	-0.264788
2797.51	1.23978e-005
2798.84	0.192451
2800.17	0.269952
2801.49	0.0474291
2802.82	0.0672169
2804.15	-0.0559053
2805.48	0.318949
2806.81	-0.13304
2808.13	0.196951
2809.46	-0.0283861
2810.79	0.0732861
2812.12	0.360145
2813.44	0.322072
2814.77	-0.0258093
2816.09	0.266347
2817.42	0.00721169
2818.75	0.372511
2820.07	0.185026
2821.4	0.308707
2822.72	0.218843
2824.05	0.354824
2825.37	-0.0054884
2826.7	0.63986
2828.02	0.804313
2829.35	0.474066
2830.67	1.34779
2831.99	1.14593
2833.31	1.15631
2834.64	1.33604
2835.96	1.59988
2837.28	2.48536
2838.61	2.5493
2839.93	2.66946
2841.25	3.75111
2842.57	3.64566
2843.89	4.79922
2845.21	5.40275
2846.53	5.66823
2847.85	5.52454
2849.17	6.20063
2850.49	5.94331
2851.81	5.92535
2853.13	6.09014
2854.45	5.9433
2855.77	5.89508
2857.09	6.36953
2858.41	5.74225
2859.73	6.79566
2861.05	6.40819
2862.36	6.76845
2863.68	6.70445
2865	6.83756
2866.32	7.39374
2867.64	7.21681
2868.95	7.9855
2870.27	7.88066
2871.59	8.52322
2872.9	8.81269
2874.22	9.12872
2875.53	9.78047
2876.85	9.96487
2878.16	10.0489
2879.48	10.2589
2880.79	10.8208
2882.11	10.0773
2883.42	10.0248
2884.74	9.93213
2886.05	10.2057
2887.36	9.81966
2888.68	9.5872
2889.99	9.18501
2891.3	9.45448
2892.62	10.3392
2893.93	9.62587
2895.24	9.65607
2896.55	9.47794
2897.86	9.66582
2899.18	10.2194
2900.49	10.6205
2901.8	10.2812
2903.11	10.5577
2904.42	10.4289
2905.73	10.7762
2907.04	10.8589
2908.35	11.1951
2909.66	10.9175
2910.97	11.1306
2912.28	11.3019
2913.59	11.6816
2914.9	12.2547
2916.21	12.1243
2917.51	12.2847
2918.82	12.4711
2920.13	12.1397
2921.44	12.6488
2922.74	13.1322
2924.05	13.4086
2925.36	13.1842
2926.67	13.6878
2927.97	14.2476
2929.28	13.4085
2930.59	14.1062
2931.89	14.1458
2933.2	13.7517
2934.5	13.707
2935.81	13.439
2937.11	13.5906
2938.42	13.3514
2939.72	12.6656
2941.02	12.3861
2942.33	12.2201
2943.63	11.707
2944.94	11.0985
2946.24	11.0372
2947.54	10.3474
2948.85	9.65655
2950.15	10.4893
2951.45	9.7509
2952.75	9.26104
2954.05	8.55886
2955.36	8.72422
2956.66	8.76523
2957.96	9.15984
2959.26	8.32738
2960.56	7.61115
2961.86	8.6078
2963.16	7.97979
2964.46	7.98165
2965.76	7.44726
2967.06	7.61232
2968.36	7.52223
2969.66	6.82621
2970.96	6.35477
2972.26	6.48862
2973.56	6.51057
2974.85	6.36363
2976.15	5.84953
2977.45	5.54442
2978.75	5.03948
2980.05	5.26397
2981.34	5.41591
2982.64	4.80742
2983.94	5.00143
2985.23	4.33987
2986.53	4.10264
2987.83	4.21913
2989.12	4.37941
2990.42	2.95207
2991.71	3.58991
2993.01	3.29861
2994.3	3.2584
2995.6	2.82325
2996.89	2.51376
2998.19	2.38675
2999.48	2.41462
3000.77	1.82642
3002.07	1.74419
3003.36	1.90091
3004.65	1.51145
3005.95	1.54202
3007.24	1.15181
3008.53	1.12459
3009.82	1.02629
3011.12	1.17864
3012.41	0.646162
3013.7	0.561025
3014.99	0.281575
3016.28	0.714039
3017.57	0.172604
3018.86	0.147426
3020.15	0.539675
3021.44	0.541774
3022.73	0.042778
3024.02	0.015132
3025.31	0.00048542
3026.6	-0.0973806
3027.89	0.262349
3029.18	0.166945
3030.47	0.156814
3031.76	-0.0858727
3033.04	0.0321226
3034.33	-0.263423
3035.62	-0.0765743
3036.91	-0.305185
3038.19	0.056571
3039.48	-0.0802193
3040.77	0.234829
3042.05	0.0401239
3043.34	0.133871
3044.63	0.0508318
3045.91	0.0251741
3047.2	-0.188472
3048.48	-0.00252247
3049.77	0.200022
3051.05	0.445759
3052.34	0.228829
3053.62	0.380454
3054.91	0.58582
3056.19	0.3397
3057.48	0.0787449
3058.76	0.40296
3060.04	0.712985
3061.33	0.465486
3062.61	0.301416
3063.89	0.601896
3065.17	0.238502
3066.46	0.203583
3067.74	-0.128952
3069.02	0.763034
3070.3	0.158944
3071.59	0.179411
3072.87	0.456704
3074.15	0.134148
3075.43	0.327085
3076.71	0.288726
3077.99	0.23766
3079.27	0.161222
3080.55	0.100685
3081.83	0.259557
3083.11	-0.339352
3084.39	0.148192
3085.67	-0.395261
3086.94	-0.0298605
3088.22	-0.0180883
3089.5	0.155852
3090.78	0.0307741
3092.06	0.339911
3093.34	-0.150887
3094.61	-0.044178
3095.89	0.0495386
3097.17	0.211338
3098.44	0.264791
3099.72	0.0472631
3101	-0.0481052
3102.27	0.588183
3103.55	0.304152
3104.82	-0.0870495
3106.1	0.105065
3107.38	0.312184
3108.65	0.0879068
3109.93	0.339034
3111.2	0.375191
3112.47	0.263706
3113.75	0.220696
3115.02	0.435428
3116.3	0.554971
3117.57	0.131086
3118.84	0.546862
3120.12	0.771449
3121.39	0.547485
3122.66	-0.23241
3123.93	0.600342
3125.2	0.403912
3126.48	0.668715
3127.75	0.839682
3129.02	0.754542
3130.29	0.873086
3131.56	0.356731
3132.83	0.692064
3134.1	0.716259
3135.37	0.996564
3136.64	1.0872
3137.91	0.692018
3139.18	0.984205
3140.45	0.845387
3141.72	0.761052
3142.99	0.704446
3144.26	1.13228
3145.53	1.05089
3146.8	1.37302
3148.07	1.57547
3149.33	1.1496
