200.419	0.640301
202.234	0.684385
204.048	0.729147
205.862	-0.39201
207.678	-0.223284
209.491	0.47887
211.304	0.231083
213.116	0.272457
214.928	-0.779774
216.742	-0.0864887
218.554	0.266556
220.365	0.329546
222.176	-0.16246
223.986	-0.65258
225.798	0.429438
227.608	-0.373739
229.417	0.295919
231.226	0.167421
233.035	0.689678
234.843	0.247362
236.653	-0.264931
238.46	0.262623
240.268	-0.16992
242.074	-0.309668
243.881	0.372786
245.687	0.259228
247.493	-0.364157
249.298	0.577143
251.103	-0.0805569
252.908	-0.0669632
254.715	0.329491
256.519	-0.0710659
258.322	0.879484
260.126	0.507004
261.929	-0.295773
263.731	-0.324972
265.534	0.00888252
267.336	0.00593758
269.137	0.508558
270.938	0.672318
272.739	-0.226883
274.54	0.0286922
276.34	0.0161934
278.14	0.0968781
279.939	-0.476313
281.739	0.415903
283.537	-0.572367
285.336	0.865248
287.134	-0.00562096
288.932	0.108162
290.729	0.0311756
292.526	-0.306925
294.323	0.195103
296.117	0.0533867
297.913	0.033041
299.709	0.0373631
301.504	-0.102013
303.299	0.354115
305.093	-0.0753231
306.888	0.567284
308.682	0.0167408
310.475	-0.0559368
312.268	-0.674505
314.059	0.209906
315.852	-0.0457973
317.644	0.415804
319.436	0.761045
321.227	0.274309
323.018	0.0744915
324.807	0.376129
326.597	-0.420042
328.387	0.932566
330.177	0.994671
331.967	0.552435
333.753	0.465683
335.542	0.231644
337.331	0.615786
339.119	0.73296
340.906	-0.348488
342.691	0.410053
344.478	0.188084
346.265	0.373047
348.051	0.511219
349.835	0.00552559
351.621	0.836653
353.406	0.234673
355.189	-0.0348549
356.973	0.57579
358.757	0.158758
360.541	0.526072
362.323	0.558016
364.106	-0.386345
365.889	-0.356365
367.669	0.645334
369.451	-0.0399799
371.233	0.19836
373.012	-0.251234
374.793	0.45747
376.574	0.432781
378.353	-0.487122
380.133	-0.0845585
381.91	0.20142
383.69	-0.616455
385.469	-0.0443268
387.245	0.129713
389.024	6.29425e-005
390.8	0.059927
392.577	-0.0667782
394.353	1.12258
396.129	0.386833
397.906	0.520144
399.68	0.277306
401.456	0.432989
403.23	0.916365
405.005	0.224073
406.778	0.634285
408.552	1.30153
410.325	1.00545
412.099	0.873775
413.87	0.50815
415.643	0.495712
417.414	0.860012
419.187	1.29587
420.957	0.230145
422.728	-0.108618
424.498	0.63126
426.269	0.618376
428.038	-0.170675
429.806	0.964291
431.576	0.19784
433.344	0.980928
435.114	0.802313
436.881	0.388929
438.649	0.725399
440.416	1.4582
442.182	0.00555801
443.949	0.191652
445.715	0.421167
447.48	0.367319
449.247	-0.0614662
451.011	0.725502
452.777	-0.239161
454.541	0.127645
456.304	-0.438471
458.069	-0.305317
459.832	0.967928
461.594	0.0545158
463.358	0.446272
465.119	0.284075
466.881	1.03292
468.642	1.04301
470.404	0.730932
472.165	-0.301744
473.925	-0.289078
475.684	0.209845
477.445	0.5889
479.204	0.102865
480.963	0.546822
482.721	0.618231
484.481	0.528559
486.239	-0.117012
487.996	1.03518
489.753	0.396385
491.511	1.39248
493.268	0.475603
495.023	0.7735
496.779	1.0484
498.534	0.26897
500.289	1.05855
502.046	1.2851
503.8	0.289032
505.554	0.20627
507.307	0.52088
509.06	0.927244
510.813	0.201624
512.566	-0.338617
514.32	1.0481
516.072	1.11464
517.823	0.990858
519.574	0.207174
521.325	0.926653
523.076	0.84609
524.826	0.436621
526.576	0.00407219
528.325	0.791241
530.074	0.804068
531.823	0.980148
533.572	0.475821
535.32	0.321039
537.068	1.30926
538.815	0.0752068
540.562	0.497517
542.309	0.498177
544.056	0.474882
545.802	1.17189
547.547	1.28731
549.293	0.962448
551.038	0.198744
552.783	0.824894
554.527	0.733732
556.271	1.12797
558.015	0.415213
559.759	0.257591
561.502	0.975952
563.245	0.130054
564.987	1.17122
566.729	-0.0849371
568.471	0.429506
570.213	0.922314
571.954	0.614237
573.693	0.676172
575.433	0.465916
577.173	-0.521694
578.913	0.0991478
580.652	0.675953
582.392	0.564211
584.13	0.290558
585.867	0.060976
587.605	0.450268
589.343	0.262466
591.08	0.372137
592.817	0.57292
594.552	-0.491953
596.289	-0.452405
598.025	-0.0907917
599.761	0.546312
601.496	-0.244276
603.229	-0.0247192
604.964	-1.00318
606.699	0.314926
608.433	0.206404
610.165	0.946934
611.898	-0.101742
613.631	0.296391
615.364	1.06209
617.095	0.452951
618.827	0.00375366
620.559	0.53747
622.288	0.0390568
624.02	0.0198727
625.75	-0.0678596
627.479	0.827963
629.209	0.0603619
630.939	0.0273228
632.667	-0.207596
634.396	-0.554848
636.125	0.261543
637.851	0.390438
639.58	0.514742
641.305	0.132092
643.033	0.81691
644.76	0.678612
646.485	0.336325
648.212	-0.070488
649.936	-0.35805
651.662	0.519592
653.388	0.131384
655.111	-0.137842
656.836	0.575447
658.558	0.60812
660.283	-0.181166
662.005	0.190222
663.728	0.124174
665.45	-0.0374317
667.173	0.598022
668.893	0.0430737
670.616	-0.373766
672.336	-0.0324955
674.057	0.31321
675.777	0.594362
677.498	-0.452435
679.216	0.634912
680.937	-0.438148
682.655	-0.64163
684.375	0.877693
686.092	0.598778
687.809	0.132736
689.528	-0.150991
691.244	0.370287
692.962	0.199488
694.678	-0.294954
696.393	0.452669
698.111	0.46125
699.825	0.628811
701.54	0.679243
703.256	0.153387
704.97	0.385
706.685	0.913727
708.398	0.59247
710.111	0.95849
711.826	0.293037
713.538	1.27514
715.25	0.221254
716.961	0.539116
718.675	0.605616
720.386	1.584
722.096	0.625378
723.808	0.510328
725.518	0.849995
727.228	1.3476
728.937	0.640898
730.648	0.478846
732.357	1.35833
734.065	1.19495
735.773	1.0998
737.483	0.237698
739.19	0.799641
740.897	0.618389
742.604	0.281746
744.31	1.05092
746.018	0.381514
747.724	0.884768
749.429	1.14264
751.134	1.44767
752.839	0.0904808
754.544	1.11993
756.248	0.374546
757.953	1.22973
759.657	0.916815
761.36	0.875973
763.063	1.19703
764.765	1.33756
766.468	1.04715
768.169	0.301313
769.871	0.817715
771.572	0.788244
773.273	1.54787
774.976	1.83173
776.676	1.77732
778.376	0.549318
780.075	2.51236
781.775	1.49218
783.474	1.80693
785.172	1.73522
786.871	1.95387
788.569	1.05816
790.266	1.69589
791.964	1.40147
793.661	0.946756
795.358	1.12403
797.054	0.89674
798.75	1.50579
800.446	1.46438
802.141	1.62792
803.834	1.77008
805.529	1.32743
807.224	1.49054
808.918	0.708378
810.612	0.935171
812.305	0.352861
813.998	1.451
815.691	1.56188
817.384	0.912012
819.076	1.29142
820.766	1.84916
822.458	1.24635
824.149	1.02482
825.84	0.716745
827.531	0.857866
829.221	1.27057
830.909	0.797388
832.599	1.06383
834.288	1.13342
835.977	0.870262
837.666	-0.0852871
839.353	0.854359
841.041	1.74761
842.729	0.874107
844.416	1.72005
846.103	2.411
847.788	1.40607
849.475	0.985929
851.161	1.48737
852.845	1.32058
854.53	1.82825
856.216	1.95494
857.901	2.12501
859.583	1.90998
861.268	1.98425
862.952	1.76292
864.633	1.96738
866.317	2.30563
868	1.62822
869.681	0.634005
871.363	1.89464
873.045	1.46329
874.725	1.34759
876.406	0.915951
878.088	0.845364
879.767	1.42923
881.447	0.50012
883.125	0.811426
884.805	0.466314
886.483	0.954149
888.162	1.1007
889.841	0.41011
891.518	0.461618
893.196	0.713575
894.872	0.4457
896.55	1.14319
898.225	0.692348
899.902	1.09333
901.577	0.909527
903.254	1.12801
904.928	0.742218
906.604	0.893457
908.277	0.488041
909.952	0.686255
911.625	0.907822
913.3	0.818966
914.972	0.442276
916.646	0.931543
918.318	0.533331
919.991	0.490303
921.662	0.780111
923.333	0.960781
925.005	0.613728
926.675	-0.14938
928.347	0.569656
930.017	0.628374
931.686	1.46046
933.357	0.880943
935.025	1.14008
936.693	0.451517
938.363	-0.434044
940.031	0.909924
941.698	0.888565
943.367	1.3098
945.034	0.627489
946.7	1.26757
948.368	1.55146
950.034	1.12578
951.699	-0.0960197
953.367	0.822323
955.031	0.684313
956.696	0.550854
958.36	0.268267
960.026	0.718407
961.689	0.509153
963.353	0.233183
965.016	0.44079
966.68	0.0911465
968.343	-0.0197678
970.005	0.0650311
971.666	0.435888
973.328	0.608273
974.991	-0.035223
976.652	0.47422
978.312	0.720903
979.972	0.681232
981.632	0.640955
983.292	0.465651
984.953	0.265013
986.612	-0.00535393
988.27	0.164017
989.929	0.242739
991.587	0.231886
993.244	0.574158
994.902	0.320177
996.559	-0.0215435
998.216	0.96006
999.872	1.23499
1001.53	0.363785
1003.19	1.67172
1004.84	1.13
1006.5	0.369099
1008.15	-0.258743
1009.81	-0.226841
1011.46	-0.04076
1013.11	0.277344
1014.77	-0.411829
1016.42	0.783106
1018.07	0.905521
1019.73	1.07294
1021.38	0.236303
1023.03	0.0796051
1024.68	0.427227
1026.34	0.600954
1027.99	0.0318356
1029.64	0.444962
1031.29	0.681202
1032.94	0.128712
1034.59	0.163155
1036.24	0.500517
1037.89	0.291359
1039.53	0.713621
1041.18	0.962313
1042.83	1.21288
1044.48	0.466768
1046.13	1.31008
1047.77	1.28765
1049.42	0.442841
1051.07	0.925001
1052.71	0.474585
1054.36	0.155008
1056	0.269999
1057.65	-0.0284443
1059.3	0.672382
1060.94	0.219864
1062.59	1.39688
1064.23	0.463137
1065.87	0.180073
1067.52	0.416962
1069.16	-0.173508
1070.8	-0.0913582
1072.44	0.446325
1074.09	0.506987
1075.73	0.0921173
1077.37	1.32784
1079.01	0.570398
1080.65	-0.0121536
1082.29	0.511236
1083.93	0.491102
1085.57	0.468313
1087.21	0.485497
1088.85	0.152733
1090.49	1.13736
1092.13	0.691538
1093.77	0.871929
1095.41	0.599171
1097.04	0.4792
1098.68	1.28791
1100.32	1.62499
1101.95	0.82468
1103.59	0.13554
1105.23	0.395306
1106.86	1.1722
1108.5	1.26031
1110.13	0.701509
1111.77	0.226366
1113.4	1.27414
1115.04	0.236134
1116.67	0.314034
1118.31	1.22805
1119.94	-0.064661
1121.57	0.808439
1123.2	0.569555
1124.84	1.03859
1126.47	0.289671
1128.1	0.654427
1129.73	1.21269
1131.36	0.724268
1132.99	1.13431
1134.62	0.176041
1136.25	0.52071
1137.88	1.05581
1139.51	0.691408
1141.14	0.667168
1142.77	0.898123
1144.4	0.787804
1146.03	0.657423
1147.66	0.741888
1149.28	0.508224
1150.91	-0.00136948
1152.54	0.958681
1154.16	0.78933
1155.79	-0.146786
1157.42	0.3855
1159.04	0.216148
1160.67	0.877611
1162.29	0.201241
1163.92	0.334591
1165.54	0.766491
1167.17	0.60268
1168.79	-0.00933075
1170.41	0.162554
1172.04	-0.157505
1173.66	0.432833
1175.28	-0.125387
1176.9	0.0583324
1178.53	-0.562878
1180.15	-0.229536
1181.77	-0.000963211
1183.39	2.17349
1185.01	4.62027
1186.63	0.706289
1188.25	0.46649
1189.87	0.0973625
1191.49	0.504845
1193.11	0.362097
1194.73	0.659237
1196.35	0.473316
1197.96	0.938528
1199.58	1.38465
1201.2	0.496719
1202.82	0.909264
1204.43	0.303165
1206.05	1.39112
1207.66	0.290522
1209.28	0.796902
1210.9	1.13499
1212.51	0.344151
1214.13	0.696432
1215.74	0.919544
1217.36	1.09757
1218.97	1.27345
1220.58	1.26188
1222.2	0.898932
1223.81	1.20181
1225.42	0.699303
1227.04	1.25535
1228.65	1.04796
1230.26	1.54587
1231.87	1.28075
1233.48	1.55519
1235.1	1.76973
1236.71	1.69704
1238.32	1.72948
1239.93	1.3289
1241.53	1.23869
1243.14	1.68581
1244.75	1.57312
1246.36	1.76904
1247.97	1.90113
1249.58	1.53528
1251.19	1.95509
1252.8	1.89939
1254.4	1.74151
1256.01	1.97847
1257.62	1.82459
1259.22	2.27275
1260.83	1.23238
1262.43	2.15931
1264.04	1.38833
1265.64	1.88019
1267.25	2.2882
1268.85	1.92764
1270.46	2.31161
1272.06	1.57411
1273.66	1.64345
1275.27	2.06346
1276.87	1.46625
1278.48	1.46875
1280.08	2.5469
1281.68	1.88503
1283.28	1.94798
1284.88	2.09451
1286.48	1.6843
1288.08	2.20615
1289.68	2.52276
1291.28	2.53028
1292.88	2.31039
1294.48	2.27521
1296.08	1.8248
1297.68	2.7757
1299.28	2.9593
1300.88	2.54205
1302.48	2.88538
1304.07	3.14406
1305.67	3.1953
1307.27	2.62936
1308.87	2.96676
1310.46	2.34023
1312.06	3.02589
1313.65	3.42517
1315.25	3.23294
1316.85	2.69568
1318.44	2.93556
1320.03	3.4807
1321.63	2.90302
1323.22	2.7103
1324.82	2.63686
1326.41	2.62201
1328	3.07244
1329.6	3.76561
1331.19	2.59935
1332.78	2.73256
1334.37	3.51564
1335.96	3.37251
1337.56	3.997
1339.15	3.83351
1340.74	3.84845
1342.33	2.59163
1343.92	3.18313
1345.51	3.44998
1347.1	2.9944
1348.69	2.54287
1350.28	2.41671
1351.86	2.49524
1353.45	2.77726
1355.04	2.18203
1356.63	2.96656
1358.21	2.89094
1359.8	2.87358
1361.39	2.85431
1362.97	1.89596
1364.56	2.35354
1366.15	2.05385
1367.73	1.93506
1369.32	2.53506
1370.9	2.26151
1372.49	2.7864
1374.07	2.49742
1375.65	2.36884
1377.24	1.98176
1378.82	2.29028
1380.41	2.0001
1381.99	1.86692
1383.57	2.2486
1385.15	2.15116
1386.73	1.41723
1388.32	2.25298
1389.9	2.35468
1391.48	2.29914
1393.06	2.7013
1394.64	1.33878
1396.22	1.91982
1397.8	2.26147
1399.38	1.37261
1400.96	2.40404
1402.54	1.21635
1404.11	2.12694
1405.69	1.49509
1407.27	2.16976
1408.85	1.89698
1410.43	1.84255
1412	0.860013
1413.58	1.98931
1415.16	2.91884
1416.73	2.32744
1418.31	2.60318
1419.88	2.11088
1421.46	3.09764
1423.03	2.21645
1424.61	2.12576
1426.18	2.37186
1427.76	2.57957
1429.33	2.33413
1430.9	2.38239
1432.48	4.10127
1434.05	3.96828
1435.62	3.06748
1437.2	3.46517
1438.77	4.17845
1440.34	4.44129
1441.91	4.2146
1443.48	3.55686
1445.05	3.96112
1446.62	5.4075
1448.19	4.45619
1449.76	5.47117
1451.33	4.46208
1452.9	4.5156
1454.47	4.90428
1456.04	4.48638
1457.61	5.12981
1459.17	4.72788
1460.74	4.24395
1462.31	3.95342
1463.88	4.11234
1465.44	3.89557
1467.01	3.95334
1468.58	4.62029
1470.14	3.52206
1471.71	4.17271
1473.27	4.17776
1474.84	3.79209
1476.4	3.074
1477.97	4.5128
1479.53	3.61846
1481.1	3.97851
1482.66	4.9066
1484.22	4.61933
1485.78	4.87999
1487.35	4.51231
1488.91	4.8667
1490.47	4.18008
1492.03	5.17159
1493.59	5.61005
1495.16	5.08785
1496.72	5.09074
1498.28	4.45094
1499.84	3.48338
1501.4	3.85959
1502.96	2.66637
1504.52	2.91086
1506.08	2.34237
1507.64	1.79321
1509.19	1.88094
1510.75	1.86999
1512.31	1.62629
1513.87	1.67122
1515.42	1.69708
1516.98	1.09031
1518.54	1.4067
1520.1	1.58931
1521.65	1.02564
1523.21	0.615568
1524.76	1.25523
1526.32	1.14802
1527.87	1.61082
1529.43	1.44386
1530.98	1.42922
1532.54	1.09309
1534.09	1.36525
1535.64	1.65737
1537.2	1.13797
1538.75	0.771812
1540.3	1.42525
1541.85	1.85152
1543.41	0.827647
1544.96	1.51639
1546.51	0.94495
1548.06	1.4439
1549.61	1.4919
1551.16	2.06437
1552.71	1.06519
1554.26	1.4898
1555.81	1.7292
1557.36	1.29922
1558.91	1.56318
1560.46	1.71818
1562.01	1.40945
1563.56	1.45698
1565.1	2.04658
1566.65	1.29288
1568.2	2.27436
1569.75	1.85545
1571.29	1.92116
1572.84	2.32238
1574.38	2.05133
1575.93	1.85497
1577.48	1.62156
1579.02	2.52763
1580.57	1.97849
1582.11	1.71056
1583.65	2.20979
1585.2	2.00041
1586.74	1.84778
1588.29	2.4247
1589.83	2.23457
1591.37	2.21201
1592.92	2.48822
1594.46	2.68916
1596	2.40312
1597.54	2.28623
1599.08	2.18908
1600.62	2.35561
1602.16	2.78583
1603.7	2.37145
1605.24	2.50038
1606.78	2.83385
1608.32	1.92365
1609.86	2.32525
1611.4	2.23433
1612.94	2.10262
1614.48	2.49438
1616.02	1.83453
1617.56	2.20714
1619.09	1.9255
1620.63	2.11472
1622.17	2.11883
1623.71	1.76861
1625.24	2.03627
1626.78	1.96575
1628.31	1.78092
1629.85	1.76228
1631.39	2.32131
1632.92	1.72093
1634.46	1.81238
1635.99	2.57666
1637.52	1.49543
1639.06	1.62784
1640.59	2.61753
1642.12	2.32003
1643.66	2.33753
1645.19	2.5391
1646.72	3.07356
1648.25	2.28737
1649.79	2.80268
1651.32	3.39314
1652.85	3.46576
1654.38	3.46611
1655.91	3.33785
1657.44	3.15399
1658.97	2.82078
1660.5	2.61529
1662.03	3.18459
1663.56	2.75286
1665.09	3.41054
1666.62	2.25909
1668.15	2.71558
1669.67	2.95278
1671.2	2.49212
1672.73	2.18097
1674.26	1.87076
1675.79	2.07585
1677.31	2.35314
1678.84	1.91098
1680.36	1.72494
1681.89	2.25447
1683.42	1.73607
1684.94	1.76894
1686.47	0.940368
1687.99	1.98296
1689.51	1.11989
1691.04	1.42989
1692.56	1.37369
1694.08	0.805272
1695.61	0.383414
1697.13	0.180869
1698.65	0.105857
1700.18	0.942784
1701.7	0.610578
1703.22	-0.013648
1704.74	0.855458
1706.26	0.721701
1707.78	0.733128
1709.3	0.471927
1710.82	0.537939
1712.35	0.604085
1713.86	0.181181
1715.39	0.736611
1716.9	0.350442
1718.42	0.145425
1719.94	0.121189
1721.46	0.223529
1722.98	-0.286464
1724.5	-0.0556011
1726.01	0.104869
1727.53	0.06917
1729.05	-0.234958
1730.56	-0.123862
1732.08	0.074172
1733.6	0.178198
1735.11	0.019228
1736.63	0.601062
1738.14	-0.0756245
1739.66	-0.405045
1741.17	-0.369453
1742.69	0.0992393
1744.2	0.361234
1745.71	0.165088
1747.23	0.339128
1748.74	0.256271
1750.25	0.297197
1751.77	-0.109698
1753.28	0.299784
1754.79	-0.0303545
1756.3	0.387446
1757.81	0.125416
1759.33	-0.00788212
1760.84	0.314286
1762.35	0.0200176
1763.86	-0.0240002
1765.37	0.0076437
1766.88	0.0285101
1768.39	0.19901
1769.9	0.109172
1771.41	-0.334245
1772.91	0.200315
1774.42	-0.0666733
1775.93	-0.183565
1777.44	-0.109126
1778.95	0.0994864
1780.45	0.0277071
1781.96	-0.34017
1783.47	0.521399
1784.97	0.0297403
1786.48	-0.113333
1787.99	0.499041
1789.49	0.224146
1791	-0.0341291
1792.5	-0.0749474
1794.01	-0.129008
1795.51	0.519905
1797.01	0.115412
1798.52	-0.0474968
1800.02	0.226378
1801.52	0.190098
1803.03	0.548494
1804.53	-0.378945
1806.03	0.135577
1807.54	0.365521
1809.04	0.0726357
1810.54	0.323126
1812.04	-0.0951519
1813.54	0.534986
1815.04	0.0463619
1816.54	-0.0264282
1818.04	0.0913372
1819.54	-0.0885515
1821.04	-0.00850201
1822.54	-0.232203
1824.04	0.296918
1825.54	0.188116
1827.04	0.0418797
1828.54	0.251436
1830.03	-0.079114
1831.53	0.170924
1833.03	0.482661
1834.53	-0.0977449
1836.02	-0.103875
1837.52	0.221002
1839.02	0.276335
1840.51	0.159037
1842.01	0.0689182
1843.5	-0.405181
1845	0.341774
1846.49	0.0178003
1847.99	-0.134579
1849.48	0.0702972
1850.98	0.208313
1852.47	-0.469818
1853.96	-0.192204
1855.46	0.248039
1856.95	0.261727
1858.44	-0.0291586
1859.94	-0.169871
1861.43	0.258954
1862.92	0.503854
1864.41	0.670585
1865.9	0.325098
1867.39	0.428594
1868.88	-0.0682316
1870.37	0.0163536
1871.86	-0.0430937
1873.35	0.261765
1874.84	0.253607
1876.33	-0.00532627
1877.82	0.143861
1879.31	0.189465
1880.8	0.544737
1882.29	0.424005
1882.58	0.372887
1884.08	0.0765467
1885.57	-0.238065
1887.06	0.0212374
1888.56	-0.0685177
1890.05	0.103069
1891.54	-0.350242
1893.04	0.52018
1894.53	0.158439
1896.02	0.285551
1897.51	0.361599
1899	-0.258337
1900.5	0.337983
1901.99	0.705957
1903.48	-0.0416498
1904.97	0.582649
1906.46	0.597214
1907.95	0.351274
1909.44	-0.1366
1910.93	0.331432
1912.42	0.0371237
1913.91	0.489425
1915.4	-0.0987692
1916.88	0.266331
1918.37	-0.201406
1919.86	0.214203
1921.35	0.0578527
1922.84	0.715989
1924.32	0.0766087
1925.81	0.667985
1927.3	0.862627
1928.78	-0.0153351
1930.27	0.0415001
1931.75	0.0972462
1933.24	-0.299135
1934.72	0.133246
1936.21	0.459262
1937.69	0.126311
1939.18	-0.034008
1940.66	-0.29731
1942.15	-0.421149
1943.63	0.422443
1945.11	-0.0440159
1946.6	-0.509722
1948.08	0.437658
1949.56	0.384199
1951.04	0.329436
1952.53	0.548805
1954.01	-0.144206
1955.49	0.383634
1956.97	-0.136184
1958.45	0.186464
1959.93	0.32104
1961.41	0.164711
1962.89	-0.454023
1964.37	0.315232
1965.85	0.244009
1967.33	0.651146
1968.81	0.304329
1970.29	0.247741
1971.77	-0.0823965
1973.24	0.0486908
1974.72	0.53788
1976.2	0.361928
1977.68	0.0672102
1979.15	0.5049
1980.63	-0.0615997
1982.11	0.664264
1983.58	0.505439
1985.06	0.0408649
1986.53	0.0345926
1988.01	-0.293677
1989.48	0.191782
1990.96	-0.100971
1992.43	0.030673
1993.91	-0.0731869
1995.38	0.669032
1996.86	-0.0753164
1998.33	-0.194401
1999.8	0.361294
2001.27	0.32511
2002.75	0.237702
2004.22	0.183928
2005.69	0.29916
2007.16	-0.106845
2008.64	-0.157757
2010.11	-0.20755
2011.58	-0.324008
2013.05	-0.120609
2014.52	0.0148516
2015.99	0.569827
2017.46	0.46732
2018.93	0.262925
2020.4	0.746878
2021.87	0.457676
2023.34	0.572054
2024.8	0.200855
2026.27	0.385
2027.74	-0.150195
2029.21	-0.364778
2030.68	0.0597439
2032.14	0.217209
2033.61	0.375389
2035.08	0.0298138
2036.54	-0.165315
2038.01	0.226881
2039.48	-0.204803
2040.94	0.506379
2042.41	0.629897
2043.87	0.317195
2045.34	0.15689
2046.8	0.0479193
2048.27	0.326641
2049.73	-0.271235
2051.19	0.225003
2052.66	0.314739
2054.12	0.570749
2055.58	0.234199
2057.05	0.502884
2058.51	0.568131
2059.97	0.633142
2061.43	0.227233
2062.9	0.697947
2064.36	0.16003
2065.82	0.296676
2067.28	0.60271
2068.74	0.101666
2070.2	-0.146605
2071.66	-0.0244913
2073.12	0.434212
2074.58	0.437995
2076.04	-0.299631
2077.5	0.191578
2078.95	0.88433
2080.41	0.279808
2081.87	0.263952
2083.33	0.0284033
2084.79	0.263193
2086.24	0.715545
2087.7	0.679097
2089.16	0.238801
2090.61	-0.0333548
2092.07	0.853047
2093.53	0.496728
2094.98	0.727383
2096.44	0.119116
2097.89	0.951105
2099.35	0.659786
2100.8	0.519012
2102.26	0.0947142
2103.71	0.139644
2105.16	0.353058
2106.62	0.734896
2108.07	0.567472
2109.53	0.550606
2110.98	0.93307
2112.43	0.213736
2113.88	0.0758038
2115.33	1.13405
2116.79	1.20851
2118.24	1.06741
2119.69	0.596417
2121.14	0.825294
2122.59	1.08973
2124.04	0.841948
2125.49	0.644781
2126.94	0.132257
2128.39	0.613172
2129.84	0.89316
2131.29	1.17119
2132.74	0.96785
2134.19	1.22793
2135.63	0.926671
2137.08	1.30531
2138.53	1.78545
2139.98	1.64019
2141.43	0.93511
2142.87	0.991845
2144.32	1.14872
2145.77	1.14038
2147.21	1.54554
2148.66	1.73478
2150.1	1.39278
2151.55	1.24813
2152.99	1.73176
2154.44	1.45209
2155.88	1.73513
2157.33	1.52129
2158.77	1.75572
2160.21	1.89262
2161.66	1.4686
2163.1	1.82597
2164.55	1.87063
2165.99	1.61764
2167.43	2.06191
2168.87	1.7405
2170.31	2.28116
2171.76	1.97073
2173.2	2.04014
2174.64	1.9413
2176.08	2.12443
2177.52	1.70924
2178.96	1.86048
2180.4	1.53092
2181.84	2.78208
2183.28	1.77276
2184.72	1.76143
2186.16	1.46738
2187.6	1.92202
2189.04	1.54475
2190.47	1.86643
2191.91	1.73833
2193.35	2.00874
2194.79	1.82775
2196.23	1.92723
2197.66	1.45819
2199.1	1.96832
2200.54	1.6456
2201.97	1.48922
2203.41	1.11831
2204.84	1.31307
2206.28	1.80732
2207.71	1.14221
2209.15	1.57029
2210.58	1.40104
2212.02	1.47871
2213.45	1.12553
2214.89	1.07
2216.32	0.932856
2217.75	0.665397
2219.19	0.993445
2220.62	1.20698
2222.05	0.579995
2223.48	1.25398
2224.92	0.608191
2226.35	0.734316
2227.78	0.923849
2229.21	0.914237
2230.64	0.181862
2232.07	0.614248
2233.5	0.767812
2234.93	0.742178
2236.36	0.50579
2237.79	0.36977
2239.22	0.481087
2240.65	0.77431
2242.08	0.205359
2243.51	1.08959
2244.94	0.653127
2246.37	1.14547
2247.79	0.3472
2249.22	0.459519
2250.65	0.503703
2252.08	1.18035
2253.5	1.02535
2254.93	0.887349
2256.36	0.459321
2257.78	0.732622
2259.21	0.798605
2260.63	0.12207
2262.06	0.519526
2263.48	0.139784
2264.91	0.377468
2266.33	0.240954
2267.76	0.298489
2269.18	0.550183
2270.6	0.491713
2272.03	0.220901
2273.45	0.0800381
2274.87	0.330187
2276.3	0.580713
2277.72	0.277462
2279.14	0.544709
2280.56	0.273886
2281.98	0.0843143
2283.41	0.62871
2284.83	0.30854
2286.25	0.380236
2287.67	0.615729
2289.09	-0.0464134
2290.51	0.549652
2291.93	0.574411
2293.35	-0.185687
2294.77	0.918775
2296.19	0.403548
2297.61	0.0188198
2299.02	0.256375
2300.44	0.0682344
2301.86	-0.103328
2303.28	-0.0942421
2304.7	0.358248
2306.11	0.482628
2307.53	0.557375
2308.95	0.927354
2310.36	0.178627
2311.78	0.251363
2313.2	0.0114841
2314.61	0.282234
2316.03	0.422396
2317.44	0.217702
2318.86	0.244123
2320.27	0.633094
2321.69	0.179421
2323.1	0.383219
2324.51	-0.191607
2325.93	0.649847
2327.34	0.647466
2328.76	1.13852
2330.17	0.311657
2331.58	0.326415
2332.99	-0.101769
2334.41	0.376298
2335.82	0.0812683
2337.23	-0.214218
2338.64	0.163304
2340.05	-0.101792
2341.46	-0.18712
2342.87	0.038847
2344.28	0.0348949
2345.69	0.195189
2347.1	-0.266743
2348.51	0.303133
2349.92	-0.256916
2351.33	-0.441199
2352.74	0.304531
2354.15	-0.061801
2355.56	0.0281267
2356.97	0.0360546
2358.37	0.190301
2359.78	-0.272997
2361.19	-0.102244
2362.6	0.684192
2364	-0.0373306
2365.41	0.148563
2366.82	0.14039
2368.22	-0.222167
2369.63	-0.0182056
2371.03	-0.183646
2372.44	-0.0733652
2373.84	0.13465
2375.25	-0.0594587
2376.65	0.196588
2378.06	0.161532
2379.46	-0.212865
2380.86	0.149718
2382.27	-0.0193672
2383.67	0.115113
2385.07	-0.294827
2386.48	-0.000335693
2387.88	0.29464
2389.28	0.303565
2390.69	-0.0682421
2392.09	0.182839
2393.49	0.482614
2394.89	0.210622
2396.29	0.00334454
2397.69	-0.234788
2399.09	0.0681391
2400.49	0.26035
2401.89	-0.230103
2403.29	-0.148647
2404.69	0.456278
2406.09	0.266087
2407.49	0.455645
2408.89	0.00965309
2410.29	0.324551
2411.69	0.195831
2413.08	-0.232604
2414.48	0.417403
2415.88	0.451692
2417.28	0.566849
2418.67	0.0656776
2420.07	0.134892
2421.47	0.330693
2422.86	0.11418
2424.26	0.150774
2425.65	-0.00268078
2427.05	0.0980568
2428.45	0.358483
2429.84	-0.0934057
2431.23	0.692822
2432.63	0.590968
2434.02	0.31359
2435.42	0.495262
2436.81	0.341413
2438.2	0.503335
2439.6	0.187004
2440.99	0.0920029
2442.38	0.234504
2443.78	0.217858
2445.17	-0.0527763
2446.56	0.374201
2447.95	-0.150196
2449.34	0.323772
2450.73	0.275128
2452.13	0.0214596
2453.52	-0.310188
2454.91	0.0554371
2456.3	0.374364
2457.69	-0.492699
2459.08	-0.0312634
2460.47	-0.0292788
2461.85	0.335329
2463.24	-0.0915499
2464.63	0.0973206
2466.02	-0.235476
2467.41	-0.457598
2468.8	-0.190477
2470.19	-0.00271606
2471.57	0.0108948
2472.96	-0.0393877
2474.35	-0.0590801
2475.73	0.360876
2477.12	0.135309
2478.51	0.0827951
2479.89	-0.0792646
2481.28	-0.16247
2482.66	-0.0106382
2484.05	0.124685
2485.43	0.524498
2486.82	-0.202787
2488.2	-0.0403709
2489.59	0.0895634
2490.97	0.156742
2492.35	-0.13308
2493.74	0.510705
2495.12	-0.287685
2496.5	0.156793
2497.89	0.539701
2499.27	-0.238446
2500.65	0.314202
2502.03	-0.155004
2503.42	-0.176847
2504.8	0.0624628
2506.18	0.608634
2507.56	0.168329
2508.94	-0.00949001
2510.32	0.258963
2511.7	-0.00927734
2513.08	-0.0614529
2514.46	0.530796
2515.84	-0.192968
2517.22	0.20177
2518.6	-0.106524
2519.98	0.777582
2521.36	0.285869
2522.73	-0.114555
2524.11	-0.210453
2525.49	0.24155
2526.87	0.144318
2528.25	0.625958
2529.62	0.0744047
2531	-0.140182
2532.38	0.0880909
2533.75	-0.0922432
2535.13	0.472737
2536.5	-0.466429
2537.88	0.219101
2539.25	0.0526915
2540.63	0.264897
2542.01	-0.176097
2543.38	0.21804
2544.75	0.446198
2546.13	0.205687
2547.5	0.179071
2548.88	0.12315
2550.25	0.461789
2551.62	0.526704
2553	0.104782
2554.37	0.000272751
2555.74	-0.499771
2557.11	0.607518
2558.49	0.470663
2559.86	-0.0750675
2561.23	-0.11974
2562.6	0.457709
2563.97	0.0356588
2565.34	0.41731
2566.71	0.662884
2568.08	0.0902119
2569.45	0.684495
2570.82	0.126921
2572.19	0.0240593
2573.56	0.315411
2574.93	0.106633
2576.3	-0.0263329
2577.67	0.0528345
2579.03	0.525966
2580.4	-0.2144
2581.77	0.227435
2583.14	0.395838
2584.5	-0.315361
2585.87	0.610603
2587.24	0.445253
2588.6	0.219543
2589.97	0.872957
2591.34	0.389585
2592.7	0.739022
2594.07	0.10262
2595.43	-0.0047102
2596.8	0.461933
2598.16	-0.010828
2599.53	0.332901
2600.89	0.419505
2602.26	0.11401
2603.62	0.564404
2604.98	0.200308
2606.35	0.198712
2607.71	0.0609741
2609.07	-0.017436
2610.44	0.399751
2611.8	-0.0130882
2613.16	-0.246226
2614.52	0.105958
2615.88	0.00694466
2617.25	0.0283594
2618.61	0.484786
2619.97	0.268057
2621.33	0.456291
2622.69	0.181728
2624.05	-0.21165
2625.41	0.245958
2626.77	0.135964
2628.13	0.591926
2629.49	0.0790033
2630.85	0.0129337
2632.21	0.0954828
2633.56	0.17783
2634.92	0.571662
2636.28	0.297484
2637.64	0.54234
2639	0.475944
2640.35	0.247114
2641.71	-0.0106106
2643.07	0.456232
2644.42	0.317362
2645.78	-0.101724
2647.14	-0.0637503
2648.49	0.135303
2649.85	0.6567
2651.2	0.426474
2652.56	0.416603
2653.91	0.803154
2655.27	0.310552
2656.62	0.288844
2657.98	0.210075
2659.33	0.322679
2660.68	0.728081
2662.04	0.723666
2663.39	0.528573
2664.74	0.0407352
2666.1	0.646508
2667.45	0.201452
2668.8	0.543299
2670.15	-0.220806
2671.5	0.470781
2672.86	0.668229
2674.21	-0.222863
2675.56	0.222998
2676.91	0.466049
2678.26	0.434202
2679.61	0.432454
2680.96	-0.00288963
2682.31	0.215714
2683.66	0.435851
2685.01	0.251162
2686.36	0.458683
2687.71	0.288675
2689.06	-0.202316
2690.4	0.436887
2691.75	0.217272
2693.1	0.547177
2694.45	-0.139469
2695.8	0.362771
2697.14	0.17001
2698.49	-0.325075
2699.84	0.108738
2701.18	0.313015
2702.53	-0.26294
2703.88	0.582061
2705.22	0.268621
2706.57	-0.262631
2707.91	0.496785
2709.26	0.57401
2710.6	0.215134
2711.95	-0.013587
2713.29	0.658304
2714.64	0.734553
2715.98	0.243684
2717.32	0.654078
2718.67	0.802485
2720.01	0.164698
2721.35	0.879563
2722.7	0.79344
2724.04	0.750329
2725.38	0.662967
2726.72	0.153009
2728.06	0.894333
2729.4	0.194524
2730.75	0.35316
2732.09	0.599
2733.43	0.93217
2734.77	0.494587
2736.11	0.522748
2737.45	0.216558
2738.79	0.390272
2740.13	0.607254
2741.47	0.37281
2742.81	0.384739
2744.15	0.744534
2745.48	0.318796
2746.82	0.415599
2748.16	0.46854
2749.5	0.405411
2750.84	-0.0634928
2752.17	0.78754
2753.51	0.0875578
2754.85	0.214058
2756.19	0.210285
2757.52	-0.126309
2758.86	0.536421
2760.19	0.388865
2761.53	0.184096
2762.86	0.153599
2764.2	0.210296
2765.54	0.469499
2766.87	-0.0531683
2768.2	0.305456
2769.54	0.445322
2770.87	-0.616236
2772.21	0.126992
2773.54	0.103056
2774.88	-0.224243
2776.21	0.154747
2777.54	0.375237
2778.87	-0.108556
2780.21	0.429255
2781.54	0.377959
2782.87	0.22637
2784.2	0.347382
2785.53	0.439526
2786.87	0.417229
2788.2	-0.506183
2789.53	-0.054184
2790.86	-0.302267
2792.19	-0.148912
2793.52	-0.0379772
2794.85	-0.355823
2796.18	0.0118904
2797.51	0.0787392
2798.84	0.473218
2800.17	-0.217829
2801.49	0.0614233
2802.82	0.454211
2804.15	0.347479
2805.48	0.0551291
2806.81	-0.194942
2808.13	0.251443
2809.46	0.455033
2810.79	0.331747
2812.12	-0.131139
2813.44	0.0178289
2814.77	0.0550547
2816.09	0.363379
2817.42	-0.106503
2818.75	0.0904999
2820.07	0.230797
2821.4	0.257113
2822.72	0.183365
2824.05	0.363873
2825.37	0.586351
2826.7	0.24235
2828.02	0.380537
2829.35	0.859171
2830.67	0.44652
2831.99	0.388054
2833.31	0.513511
2834.64	0.879139
2835.96	1.03175
2837.28	0.702511
2838.61	0.896236
2839.93	1.40072
2841.25	1.43853
2842.57	1.75959
2843.89	2.05318
2845.21	2.20641
2846.53	2.55835
2847.85	2.79774
2849.17	2.2174
2850.49	2.82388
2851.81	3.01975
2853.13	3.59643
2854.45	2.7876
2855.77	3.05251
2857.09	3.7835
2858.41	3.69513
2859.73	3.29607
2861.05	4.02647
2862.36	3.65497
2863.68	4.28517
2865	4.40671
2866.32	5.41684
2867.64	4.91788
2868.95	5.16711
2870.27	5.52968
2871.59	5.82188
2872.9	5.80349
2874.22	5.0935
2875.53	5.87533
2876.85	5.89458
2878.16	6.55981
2879.48	6.40822
2880.79	6.21516
2882.11	6.29054
2883.42	6.29731
2884.74	5.75802
2886.05	6.39904
2887.36	6.43639
2888.68	6.54314
2889.99	6.50831
2891.3	6.68246
2892.62	7.07975
2893.93	7.05616
2895.24	7.20125
2896.55	6.88567
2897.86	6.86584
2899.18	6.46989
2900.49	7.48821
2901.8	7.47194
2903.11	7.97356
2904.42	7.91586
2905.73	7.98452
2907.04	8.16602
2908.35	8.4608
2909.66	8.74306
2910.97	8.53657
2912.28	8.80583
2913.59	9.03192
2914.9	9.6197
2916.21	10.1345
2917.51	10.0586
2918.82	9.65928
2920.13	10.3369
2921.44	11.1552
2922.74	10.4515
2924.05	11.5955
2925.36	11.2039
2926.67	11.2606
2927.97	11.8905
2929.28	11.4713
2930.59	11.4425
2931.89	11.4688
2933.2	11.7882
2934.5	12.0656
2935.81	12.1196
2937.11	11.1677
2938.42	11.5577
2939.72	10.8722
2941.02	11.2496
2942.33	10.9298
2943.63	10.7937
2944.94	10.632
2946.24	10.0945
2947.54	8.97002
2948.85	9.11789
2950.15	8.63393
2951.45	8.23093
2952.75	8.49703
2954.05	8.28486
2955.36	7.59627
2956.66	7.80508
2957.96	7.5832
2959.26	7.61752
2960.56	7.51611
2961.86	7.17942
2963.16	7.13799
2964.46	6.3374
2965.76	6.58729
2967.06	6.76468
2968.36	6.50439
2969.66	6.08814
2970.96	5.65748
2972.26	6.31036
2973.56	6.23232
2974.85	5.11254
2976.15	5.69493
2977.45	5.487
2978.75	5.16387
2980.05	4.89459
2981.34	4.27179
2982.64	4.45043
2983.94	5.10745
2985.23	4.90838
2986.53	4.37445
2987.83	3.68823
2989.12	3.43901
2990.42	3.19012
2991.71	3.72757
2993.01	3.44837
2994.3	3.70132
2995.6	3.15188
2996.89	2.9107
2998.19	2.3046
2999.48	2.75141
3000.77	2.32931
3002.07	1.65605
3003.36	2.16082
3004.65	1.47474
3005.95	1.46091
3007.24	1.69824
3008.53	1.27665
3009.82	1.46957
3011.12	1.52152
3012.41	0.846865
3013.7	0.801041
3014.99	0.923146
3016.28	0.252013
3017.57	0.654679
3018.86	0.640146
3020.15	1.00122
3021.44	-0.0424461
3022.73	0.803052
3024.02	0.119537
3025.31	0.00473785
3026.6	0.610112
3027.89	0.0250721
3029.18	0.437928
3030.47	0.31334
3031.76	0.011301
3033.04	-0.233928
3034.33	-0.00936508
3035.62	0.145386
3036.91	-0.0738945
3038.19	-0.143542
3039.48	0.362596
3040.77	0.0684566
3042.05	0.117109
3043.34	-0.108478
3044.63	-0.291236
3045.91	0.0754309
3047.2	0.198329
3048.48	0.228557
3049.77	0.520864
3051.05	0.419408
3052.34	0.25086
3053.62	0.205169
3054.91	0.472454
3056.19	0.28825
3057.48	0.293674
3058.76	0.420745
3060.04	0.302314
3061.33	0.130162
3062.61	0.95236
3063.89	0.321023
3065.17	0.45334
3066.46	0.247664
3067.74	0.274412
3069.02	0.546502
3070.3	0.423929
3071.59	0.327476
3072.87	0.243102
3074.15	0.252386
3075.43	0.206193
3076.71	-0.0168228
3077.99	0.263213
3079.27	-0.228882
3080.55	-0.366068
3081.83	0.149865
3083.11	0.0705824
3084.39	0.141471
3085.67	-0.00463009
3086.94	0.106613
3088.22	0.081296
3089.5	-0.0398035
3090.78	-0.269935
3092.06	-0.0794992
3093.34	0.192517
3094.61	-0.14535
3095.89	0.208817
3097.17	0.0750246
3098.44	-0.0180569
3099.72	-0.192483
3101	-0.177184
3102.27	0.0143261
3103.55	-0.0239735
3104.82	0.276878
3106.1	0.375669
3107.38	0.137423
3108.65	-0.0452795
3109.93	-0.0370846
3111.2	0.0671873
3112.47	0.077796
3113.75	0.143232
3115.02	-0.225035
3116.3	-0.227908
3117.57	-0.1368
3118.84	-0.0604753
3120.12	0.204427
3121.39	0.278314
3122.66	0.514154
3123.93	0.492288
3125.2	0.403099
3126.48	0.152274
3127.75	0.267747
3129.02	0.30274
3130.29	0.311252
3131.56	-0.15307
3132.83	0.63945
3134.1	0.688112
3135.37	0.0342245
3136.64	0.419299
3137.91	0.0349102
3139.18	0.405093
3140.45	0.734234
3141.72	0.605827
3142.99	0.236286
3144.26	0.311145
3145.53	0.0514355
3146.8	0.892268
3148.07	0.312962
3149.33	0.60551
