200.523	0.714019
202.339	0.745752
204.154	0.778957
205.967	0.618638
207.781	0.750435
209.596	0.735658
211.409	0.743758
213.222	0.434697
215.034	0.221736
216.848	0.638541
218.659	1.1516
220.47	0.502936
222.281	0.605946
224.091	0.830715
225.903	0.548426
227.713	0.242176
229.522	0.66004
231.331	0.0631495
233.14	0.214225
234.948	0.341401
236.756	0.301149
238.566	0.26329
240.373	-0.0610886
242.18	-0.238536
243.986	0.308932
245.792	0.10849
247.598	0.219863
249.403	0.279828
251.208	0.553431
253.013	0.606415
254.818	0.223073
256.624	0.442369
258.427	0.30084
260.231	0.137141
262.034	-0.144875
263.836	-0.0878839
265.638	0.0424585
267.44	0.414119
269.242	-0.443928
271.043	-0.0736866
272.844	0.681026
274.645	-0.181345
276.445	-0.249923
278.245	0.0408802
280.044	-0.0562372
281.843	-0.179643
283.642	-0.136647
285.44	0.264996
287.238	-0.0790892
289.036	0.224802
290.833	0.409113
292.63	-0.314985
294.425	0.111646
296.221	0.0851183
298.017	0.322605
299.813	0.632072
301.608	-0.515912
303.403	-0.11221
305.198	0.289702
306.992	-0.120839
308.786	0.565265
310.579	0.155256
312.371	0.556585
314.163	0.649976
315.956	0.388228
317.748	-0.0145235
319.54	0.41792
321.331	0.828091
323.122	0.285572
324.911	0.601824
326.701	0.154443
328.491	0.63794
330.281	0.236612
332.071	0.598814
333.857	-0.0456791
335.646	0.192543
337.434	0.523888
339.222	0.469913
341.008	0.58152
342.795	0.835482
344.582	0.539563
346.369	0.148831
348.153	0.0216675
349.939	0.253124
351.724	0.0786638
353.51	-0.000984192
355.292	0.490644
357.077	-0.092598
358.861	0.419384
360.643	-0.189876
362.426	0.438042
364.21	0.39831
365.99	0.381508
367.773	0.41125
369.555	0.0605173
371.335	0.609508
373.116	0.564965
374.897	0.543659
376.676	0.734846
378.456	-0.252792
380.236	0.0816078
382.014	0.863792
383.793	0.376113
385.57	0.924723
387.349	-0.123675
389.127	0.00431442
390.903	0.227145
392.681	0.145448
394.456	0.487041
396.233	-0.0399485
398.007	0.865678
399.784	0.103522
401.56	0.0688839
403.333	0.150901
405.108	0.537347
406.881	0.00697708
408.656	0.556051
410.428	-0.163065
412.202	0.0568104
413.973	0.511637
415.746	-0.0418158
417.517	0.179839
419.29	1.01231
421.06	0.296131
422.831	-0.209332
424.601	-0.269689
426.37	-0.166749
428.141	0.49864
429.909	0.365252
431.679	-0.143714
433.447	-0.86358
435.216	0.317872
436.983	0.255338
438.75	0.590929
440.519	0.22081
442.285	-0.385931
444.052	0.0605021
445.818	0.668252
447.583	0.314041
449.349	0.0534315
451.114	0.751193
452.878	0.537704
454.643	0.254782
456.407	0.438339
458.169	0.202211
459.934	-0.242953
461.696	0.0805674
463.458	0.149671
465.222	-0.220211
466.983	0.27264
468.744	0.257165
470.507	0.592484
472.267	0.30047
474.027	0.100367
475.787	0.946231
477.548	0.369006
479.307	0.674819
481.065	0.420446
482.823	-0.136512
484.583	-0.156566
486.341	-0.0115852
488.098	0.112389
489.855	0.728474
491.612	0.73969
493.37	1.19558
495.126	0.272626
496.881	0.37781
498.636	0.623408
500.391	-0.0222874
502.148	0.151682
503.902	0.84166
505.656	1.06116
507.409	0.385651
509.162	0.554703
510.915	0.369078
512.668	0.699307
514.42	0.698387
516.174	0.766454
517.925	1.1388
519.676	0.992498
521.427	0.375513
523.178	0.956226
524.928	0.855395
526.678	1.01265
528.427	0.958716
530.176	0.48286
531.925	0.850163
533.673	0.841561
535.422	0.714636
537.169	0.492813
538.917	-0.313821
540.664	0.792154
542.411	0.799947
544.157	0.295465
545.903	0.837704
547.649	0.496936
549.395	0.620812
551.14	1.06879
552.884	0.752679
554.629	0.437433
556.373	0.815561
558.117	0.0865107
559.86	0.787703
561.603	-0.10001
563.346	1.01536
565.089	0.382923
566.831	0.00468731
568.573	0.614902
570.314	0.927389
572.053	0.553022
573.794	0.43296
575.534	0.268975
577.274	-0.558723
579.014	0.175377
580.754	-0.214489
582.493	0.774105
584.23	0.245646
585.968	0.152579
587.706	-0.402025
589.444	-0.0148144
591.181	0.325427
592.919	-0.232215
594.653	0.107264
596.39	0.377729
598.126	0.118976
599.862	0.27392
601.595	0.0368414
603.33	-0.27055
605.065	-0.30344
606.8	0.190777
608.532	-0.0512581
610.266	0.257613
611.999	-0.557279
613.732	0.0967588
615.463	0.407201
617.196	0.80921
618.928	0.431645
620.66	0.0531807
622.389	0.245671
624.12	-0.203115
625.851	0.125383
627.58	0.112206
629.31	-0.081398
631.04	-0.0670223
632.767	-0.415583
634.497	0.720369
636.223	0.577961
637.952	0.753106
639.68	0.605566
641.406	0.272312
643.134	0.552098
644.861	0.0559072
646.586	0.243406
648.312	-0.294696
650.037	0.0799856
651.762	0.458697
653.486	0.500977
655.211	0.0693245
656.936	0.413591
658.659	0.782389
660.383	0.0789661
662.105	0.171813
663.829	0.0337324
665.55	0.578766
667.273	1.37352
668.994	0.726812
670.716	1.08731
672.436	0.51201
674.158	0.488451
675.877	0.490155
677.598	1.06687
679.317	1.04772
681.035	0.268699
682.755	0.337654
684.473	0.335287
686.192	-0.0377426
687.909	0.462584
689.628	1.00791
691.344	-0.267329
693.06	0.345595
694.778	0.796355
696.493	0.900435
698.211	1.25627
699.925	0.436858
701.64	0.789813
703.356	1.07229
705.07	0.779414
706.783	0.89944
708.498	0.651875
710.211	0.49593
711.924	0.774788
713.638	0.984157
715.35	0.895871
717.061	0.670696
718.774	0.833778
720.485	0.540979
722.196	1.52403
723.906	1.34512
725.618	1.73465
727.328	0.646874
729.037	0.422847
730.746	1.10551
732.456	1.65049
734.165	1.35708
735.873	1.19993
737.58	1.15642
739.289	1.11376
740.997	0.531348
742.703	1.07741
744.41	0.881441
746.116	1.15983
747.823	1.82207
749.529	1.54096
751.234	1.86873
752.938	1.27588
754.643	1.24693
756.347	1.42226
758.051	1.532
759.756	0.92262
761.459	1.53121
763.162	1.26132
764.865	1.1262
766.567	1.78043
768.269	2.00368
769.97	1.95312
771.671	1.76443
773.372	0.873083
775.073	1.13452
776.773	1.84877
778.473	1.75058
780.174	1.54108
781.874	1.98886
783.573	2.50498
785.271	2.09187
786.97	1.56261
788.668	2.29717
790.365	2.05453
792.063	1.71859
793.76	1.42654
795.456	1.85658
797.153	1.72351
798.847	1.45751
800.543	0.878808
802.238	1.7196
803.933	1.86331
805.628	1.3548
807.322	1.54234
809.017	1.21185
810.71	1.41901
812.404	1.66968
814.097	1.35918
815.79	1.60855
817.483	1.67853
819.173	1.68147
820.865	2.0865
822.556	2.46906
824.248	1.53659
825.939	2.76842
827.629	2.28669
829.318	2.07587
831.008	1.75735
832.697	2.15499
834.387	2.02053
836.076	2.13247
837.765	2.13269
839.451	1.48396
841.139	1.81571
842.827	1.78861
844.514	2.18556
846.2	0.996579
847.886	1.55298
849.573	1.5982
851.259	1.60164
852.943	1.40559
854.629	1.43461
856.314	1.64319
857.997	0.839067
859.682	1.7419
861.366	1.38293
863.05	1.22444
864.732	0.838987
866.415	1.55691
868.098	0.94407
869.779	0.375583
871.461	1.45325
873.141	1.19996
874.823	1.46549
876.505	1.57316
878.184	1.0715
879.865	1.33707
881.545	2.1215
883.223	1.1894
884.903	1.8588
886.581	1.48816
888.26	0.43901
889.937	1.50874
891.616	0.795149
893.294	1.25204
894.97	1.66186
896.648	1.66501
898.323	0.589118
900	0.994873
901.675	1.21957
903.351	1.15216
905.026	1.01771
906.701	1.30793
908.375	0.639649
910.05	1.08728
911.723	1.40157
913.398	0.715969
915.07	1.60851
916.742	1.03542
918.415	1.41626
920.087	0.578828
921.76	0.628396
923.43	0.811831
925.103	0.753896
926.773	0.808558
928.443	1.15205
930.114	1.1658
931.783	1.26862
933.454	0.754049
935.123	1.16625
936.791	0.740803
938.461	0.691345
940.128	0.687418
941.796	0.905495
943.464	0.616993
945.131	0.593033
946.797	0.898882
948.465	0.67287
950.131	1.2613
951.797	1.1641
953.462	0.736276
955.128	1.45714
956.793	1.05667
958.457	0.527512
960.121	1.39163
961.786	0.579958
963.45	0.916412
965.113	0.897413
966.775	0.963767
968.44	0.761359
970.102	0.423836
971.763	0.527865
973.425	0.809354
975.086	0.628126
976.748	1.04614
978.409	0.957298
980.069	1.12367
981.729	1.28964
983.388	1.06663
985.048	0.819139
986.708	1.43244
988.367	1.55647
990.025	1.17029
991.683	1.11527
993.341	0.485888
994.998	0.453355
996.655	0.884294
998.312	2.08641
999.969	1.87657
1001.62	1.49034
1003.28	2.29242
1004.94	1.75156
1006.59	1.25528
1008.25	1.0234
1009.9	0.52894
1011.56	1.08827
1013.21	0.201025
1014.86	1.11134
1016.52	0.99227
1018.17	0.458249
1019.82	0.953594
1021.48	0.903252
1023.13	0.701275
1024.78	0.544236
1026.43	0.737551
1028.08	0.887145
1029.73	0.795639
1031.38	1.1832
1033.03	1.30658
1034.68	1.1442
1036.33	0.849573
1037.98	1.09905
1039.63	0.847435
1041.28	0.423038
1042.93	0.696337
1044.57	1.1887
1046.22	0.162668
1047.87	1.09379
1049.52	0.463147
1051.16	0.398611
1052.81	0.617424
1054.45	0.945425
1056.1	0.0564318
1057.75	0.492843
1059.39	0.602715
1061.04	-0.00568771
1062.68	0.233031
1064.32	1.2317
1065.97	0.337535
1067.61	0.398793
1069.25	0.828241
1070.9	0.018795
1072.54	-0.0737543
1074.18	0.506972
1075.82	0.177523
1077.47	0.695543
1079.11	0.846272
1080.75	0.976215
1082.39	0.455606
1084.03	0.454392
1085.67	0.386271
1087.31	1.03085
1088.95	0.459663
1090.59	0.860873
1092.22	0.654778
1093.86	0.664444
1095.5	1.5589
1097.14	1.03014
1098.78	0.827025
1100.41	0.0881538
1102.05	0.9015
1103.69	0.404207
1105.32	0.553925
1106.96	0.553723
1108.59	-0.0704842
1110.23	0.529803
1111.86	0.504622
1113.5	0.477575
1115.13	0.212998
1116.77	0.698933
1118.4	0.0696497
1120.03	0.641706
1121.67	1.00019
1123.3	0.375142
1124.93	0.800097
1126.56	0.562795
1128.19	0.155478
1129.83	0.0484734
1131.46	0.604915
1133.09	0.798203
1134.72	0.136278
1136.35	0.862983
1137.98	0.904395
1139.61	-0.187699
1141.24	-0.255228
1142.86	-0.301883
1144.49	-0.156361
1146.12	0.26697
1147.75	-0.161323
1149.38	0.242523
1151	-0.162661
1152.63	0.177674
1154.26	0.0703754
1155.88	0.388347
1157.51	-0.0173712
1159.14	0.38584
1160.76	0.577232
1162.39	0.0895224
1164.01	0.177106
1165.63	-0.393855
1167.26	-0.178424
1168.88	0.248379
1170.51	0.226727
1172.13	-0.00958252
1173.75	-0.226406
1175.38	0.637672
1177	-0.026412
1178.62	-0.0961075
1180.24	-0.376554
1181.86	0.359739
1183.48	0.271435
1185.1	0.500188
1186.72	-0.138184
1188.34	0.235235
1189.96	0.0998793
1191.58	-0.121556
1193.2	0.160457
1194.82	0.797687
1196.44	0.678493
1198.06	1.20982
1199.68	0.508207
1201.29	0.834647
1202.91	1.28909
1204.53	0.80715
1206.14	1.20443
1207.76	0.706127
1209.38	1.20951
1210.99	1.23204
1212.61	0.481049
1214.22	1.43674
1215.84	0.722715
1217.45	0.819016
1219.07	0.5607
1220.68	0.78025
1222.29	1.58086
1223.91	1.15916
1225.52	1.38185
1227.13	1.83377
1228.74	1.45972
1230.36	1.54243
1231.97	1.95734
1233.58	1.60896
1235.19	2.06825
1236.8	1.08228
1238.41	1.97856
1240.02	1.78012
1241.63	1.66455
1243.24	1.69332
1244.85	1.80389
1246.46	1.70628
1248.07	1.6281
1249.67	1.9835
1251.28	2.46256
1252.89	1.92827
1254.5	2.49125
1256.1	2.49719
1257.71	1.96689
1259.32	2.28628
1260.92	2.193
1262.53	2.45231
1264.13	1.59316
1265.74	1.74833
1267.34	1.79904
1268.95	1.64126
1270.55	2.04199
1272.15	2.37921
1273.76	2.8187
1275.36	2.13745
1276.97	2.44998
1278.57	2.24339
1280.17	2.51241
1281.77	2.55316
1283.37	2.71817
1284.97	2.09799
1286.58	2.53369
1288.18	2.49518
1289.78	2.35455
1291.38	2.2146
1292.98	2.73572
1294.58	2.11951
1296.18	2.45192
1297.78	2.47238
1299.37	2.1812
1300.97	2.73372
1302.57	3.30434
1304.17	3.0495
1305.77	2.65028
1307.36	2.43606
1308.96	2.52963
1310.55	2.705
1312.15	2.71675
1313.75	2.95445
1315.34	2.35532
1316.94	2.94257
1318.53	3.34604
1320.13	2.68866
1321.72	2.47923
1323.32	2.57342
1324.91	2.23833
1326.5	2.59245
1328.1	3.00581
1329.69	2.85197
1331.28	2.86245
1332.87	2.71424
1334.47	2.226
1336.06	1.88168
1337.65	2.66779
1339.24	3.14978
1340.83	3.20589
1342.42	3.29927
1344.01	2.4451
1345.6	2.87633
1347.19	2.56493
1348.78	2.93746
1350.37	2.19187
1351.96	2.49062
1353.54	3.01164
1355.13	2.43474
1356.72	2.17833
1358.31	2.20116
1359.89	2.5822
1361.48	2.16319
1363.07	2.36193
1364.65	2.02177
1366.24	1.76203
1367.82	2.26029
1369.41	1.96345
1370.99	1.96708
1372.58	3.00716
1374.16	1.78024
1375.75	2.06639
1377.33	1.99449
1378.91	1.72296
1380.5	1.29103
1382.08	1.37489
1383.66	1.39749
1385.25	1.83631
1386.83	1.22124
1388.41	1.54025
1389.99	1.40327
1391.57	1.20795
1393.15	1.64847
1394.73	1.29591
1396.31	1.35968
1397.89	2.21544
1399.47	1.18696
1401.05	1.54461
1402.63	1.01048
1404.21	1.28801
1405.78	1.15066
1407.36	0.974915
1408.94	1.61037
1410.52	1.37694
1412.1	1.08433
1413.67	1.87687
1415.25	1.40491
1416.82	1.56345
1418.4	1.54399
1419.98	1.54468
1421.55	1.9011
1423.13	1.7868
1424.7	1.35963
1426.28	1.74096
1427.85	1.37499
1429.42	1.73693
1431	1.88124
1432.57	2.2012
1434.14	2.24441
1435.71	2.91639
1437.29	2.44792
1438.86	2.29515
1440.43	2.89052
1442	3.27086
1443.57	2.82668
1445.14	2.77605
1446.71	3.21703
1448.28	3.40275
1449.85	3.58889
1451.42	3.42178
1452.99	3.688
1454.56	3.03028
1456.13	3.06084
1457.7	3.4054
1459.26	2.56749
1460.83	2.73105
1462.4	2.43966
1463.97	2.28409
1465.54	2.30422
1467.1	2.42212
1468.67	2.1477
1470.23	1.75692
1471.8	1.54436
1473.36	1.13704
1474.93	2.20148
1476.49	2.0701
1478.06	1.42916
1479.62	1.49397
1481.19	1.73504
1482.75	0.780543
1484.31	1.08015
1485.88	1.16375
1487.44	0.717607
1489	0.975017
1490.56	0.760475
1492.13	1.0325
1493.69	0.832806
1495.25	0.78757
1496.81	0.897111
1498.37	0.928288
1499.93	0.338157
1501.49	1.05121
1503.05	0.600567
1504.61	0.75238
1506.17	1.00098
1507.73	0.706905
1509.28	0.953131
1510.84	1.10099
1512.4	0.553764
1513.96	0.469405
1515.52	1.19274
1517.07	0.916743
1518.63	0.929921
1520.19	0.809689
1521.74	0.843005
1523.3	0.245135
1524.85	1.23224
1526.41	0.747663
1527.96	0.263309
1529.52	0.711351
1531.07	0.550559
1532.63	0.694167
1534.18	0.667991
1535.73	1.2861
1537.29	0.864828
1538.84	0.860441
1540.39	1.34674
1541.94	1.13521
1543.5	1.31918
1545.05	1.50254
1546.6	1.68527
1548.15	0.966848
1549.7	1.48689
1551.25	1.44439
1552.8	1.32776
1554.35	1.00689
1555.9	1.77132
1557.45	1.77163
1559	1.62505
1560.55	1.77929
1562.1	1.69291
1563.65	2.14888
1565.19	1.52342
1566.74	2.42813
1568.29	2.02628
1569.83	2.50117
1571.38	2.5463
1572.93	2.8524
1574.47	2.52364
1576.02	2.90426
1577.56	3.2105
1579.11	2.39714
1580.66	2.98481
1582.2	3.18149
1583.74	2.74418
1585.29	3.0177
1586.83	2.26373
1588.38	3.08046
1589.92	2.43802
1591.46	2.74921
1593.01	2.06756
1594.55	2.19056
1596.09	2.48232
1597.63	2.77477
1599.17	2.56202
1600.71	2.98776
1602.25	3.80864
1603.79	2.86512
1605.34	2.93429
1606.88	2.47552
1608.41	2.85992
1609.95	2.17014
1611.49	2.47362
1613.03	1.91059
1614.57	2.36012
1616.11	2.52724
1617.65	2.69475
1619.18	2.13291
1620.72	2.39737
1622.26	1.87694
1623.79	2.01288
1625.33	2.41084
1626.87	2.39597
1628.4	2.28596
1629.94	2.71663
1631.48	2.62225
1633.01	2.22867
1634.55	2.22793
1636.08	2.06025
1637.61	2.4906
1639.15	2.82816
1640.68	2.49457
1642.21	2.9056
1643.75	2.68179
1645.28	3.12661
1646.81	3.4395
1648.34	2.76676
1649.88	2.65253
1651.41	3.13347
1652.94	3.26307
1654.47	3.24567
1656	3.15494
1657.53	2.99002
1659.06	3.1576
1660.59	3.45291
1662.12	3.28349
1663.65	3.20527
1665.18	3.38502
1666.71	3.26969
1668.24	3.56167
1669.76	3.8737
1671.29	2.82401
1672.82	3.24995
1674.35	2.4056
1675.87	2.94211
1677.4	2.15219
1678.93	1.91345
1680.45	2.20688
1681.98	2.59091
1683.5	2.45993
1685.03	2.21909
1686.55	2.10736
1688.08	2.54613
1689.6	1.97739
1691.13	1.3729
1692.65	1.75729
1694.17	1.7571
1695.7	1.04372
1697.22	1.20782
1698.74	1.15221
1700.27	0.804175
1701.79	1.53199
1703.31	1.31046
1704.83	0.760856
1706.35	0.648289
1707.87	0.462887
1709.39	0.967885
1710.91	0.691777
1712.43	0.615775
1713.95	0.648762
1715.47	0.898975
1716.99	0.352854
1718.51	0.909879
1720.03	0.581096
1721.55	0.0365372
1723.07	0.376805
1724.58	0.123112
1726.1	0.573349
1727.62	0.502613
1729.13	0.702876
1730.65	0.792525
1732.17	0.345634
1733.68	0.464857
1735.2	0.109617
1736.72	0.595585
1738.23	0.989055
1739.74	-0.0283966
1741.26	0.0906744
1742.77	0.51403
1744.29	0.382305
1745.8	0.983273
1747.32	0.154178
1748.83	0.0988264
1750.34	0.410792
1751.85	0.479198
1753.37	0.619416
1754.88	-0.252604
1756.39	0.568923
1757.9	-0.0660439
1759.41	-0.07932
1760.92	-0.0523338
1762.44	-0.0263586
1763.95	-0.0331535
1765.46	0.291839
1766.96	0.0392027
1768.47	0.416124
1769.98	0.175014
1771.49	-0.134112
1773	-0.0565348
1774.51	0.0764875
1776.02	-0.166652
1777.53	0.0808992
1779.03	-0.160486
1780.54	0.295605
1782.05	-0.32535
1783.55	0.125654
1785.06	0.324614
1786.57	0.269101
1788.07	0.0360394
1789.58	-0.106975
1791.08	0.261332
1792.59	-0.12801
1794.09	-0.0684338
1795.6	-0.053195
1797.1	0.0753031
1798.61	-0.010767
1800.11	0.0985441
1801.61	0.0577354
1803.12	0.151542
1804.62	0.0582409
1806.12	0.00899696
1807.62	0.198574
1809.12	0.100395
1810.63	0.219303
1812.13	0.374441
1813.63	0.0642252
1815.13	0.284907
1816.63	0.127048
1818.13	-0.0593681
1819.63	-0.129737
1821.13	-0.110479
1822.63	0.0565643
1824.13	0.294196
1825.63	0.233273
1827.13	0.256017
1828.62	-0.0373564
1830.12	0.0171518
1831.62	0.311176
1833.12	0.118819
1834.61	-0.0693789
1836.11	0.0287495
1837.61	0.134048
1839.1	-0.0528879
1840.6	0.0604267
1842.09	-0.118773
1843.59	0.074295
1845.09	0.0104752
1846.58	0.0599012
1848.08	0.430675
1849.57	0.0163612
1851.06	0.377892
1852.56	0.190373
1854.05	-0.0174589
1855.54	-0.0150137
1857.04	-0.159582
1858.53	0.056818
1860.02	0.207301
1861.51	0.208488
1863.01	0.0854149
1864.5	-0.153468
1865.99	0.223986
1867.48	0.0272484
1868.97	-0.120826
1870.46	-0.022191
1871.95	-0.173855
1873.44	0.121274
1874.93	-0.349546
1876.42	0.12582
1877.91	-0.118575
1879.4	0.231028
1880.89	-0.0253363
1882.37	0.0263414
1882.46	0.029129
1883.95	0.151218
1885.45	-0.285254
1886.94	0.131211
1888.43	-0.0277996
1889.93	0.126685
1891.42	-0.0136223
1892.91	-0.204344
1894.41	0.197977
1895.9	0.202079
1897.39	0.381027
1898.88	-0.36197
1900.37	-0.340727
1901.86	0.200751
1903.36	0.305362
1904.85	0.147547
1906.34	0.145362
1907.83	-0.412596
1909.32	-0.153621
1910.81	0.1755
1912.29	-0.153803
1913.78	0.0726357
1915.27	-0.134414
1916.76	0.0396957
1918.25	0.178483
1919.74	-0.0125208
1921.23	0.229498
1922.71	-0.168926
1924.2	0.0915976
1925.69	-0.235349
1927.17	-0.388075
1928.66	0.377503
1930.15	0.381336
1931.63	0.332376
1933.12	0.143351
1934.6	0.419898
1936.09	0.17533
1937.57	-0.00110626
1939.06	0.029501
1940.54	0.30208
1942.02	0.38538
1943.51	0.314478
1944.99	-0.238265
1946.47	0.34754
1947.96	-0.221904
1949.44	-0.137066
1950.92	0.273809
1952.4	0.0809526
1953.88	-0.146681
1955.37	0.107029
1956.85	-0.137233
1958.33	-0.329021
1959.81	-0.00523186
1961.29	0.250246
1962.77	-0.214157
1964.25	0.0755014
1965.73	0.00475407
1967.21	-0.015296
1968.69	0.203448
1970.16	0.216148
1971.64	0.143122
1973.12	-0.202977
1974.6	-0.190311
1976.08	-0.0581818
1977.55	0.176142
1979.03	0.376206
1980.51	0.422878
1981.98	0.316308
1983.46	0.617249
1984.94	0.119596
1986.41	0.0803633
1987.89	-0.00968552
1989.36	0.324068
1990.84	0.251887
1992.31	-0.14058
1993.79	0.161512
1995.26	0.160033
1996.73	-0.00991154
1998.21	-0.0446587
1999.68	0.0214758
2001.15	0.154427
2002.63	-0.101219
2004.1	0.0646744
2005.57	0.197029
2007.04	0.296337
2008.51	0.0261183
2009.99	0.295666
2011.46	0.380532
2012.93	0.162488
2014.4	-0.409319
2015.87	-0.308671
2017.34	0.0769176
2018.81	0.00743103
2020.28	-0.112986
2021.75	0.505468
2023.21	0.35149
2024.68	0.0642366
2026.15	0.248058
2027.62	0.0140057
2029.09	0.15051
2030.56	0.355553
2032.02	-0.0591612
2033.49	0.768623
2034.96	0.30392
2036.42	0.157681
2037.89	0.414066
2039.36	0.132326
2040.82	0.59002
2042.29	0.308489
2043.75	0.363955
2045.22	0.21849
2046.68	0.275719
2048.14	-0.0709286
2049.61	0.323304
2051.07	0.3122
2052.54	0.147689
2054	0.369143
2055.46	0.0153694
2056.93	0.705479
2058.39	0.214628
2059.85	0.498782
2061.31	0.00858784
2062.77	0.0918465
2064.23	0.125606
2065.7	0.530629
2067.16	0.532653
2068.62	0.249202
2070.08	0.184856
2071.54	0.171069
2073	0.527555
2074.46	0.260787
2075.92	0.279907
2077.38	0.130235
2078.83	0.535863
2080.29	0.284249
2081.75	0.486685
2083.21	0.217015
2084.67	0.0981522
2086.12	0.197282
2087.58	0.463812
2089.04	0.443931
2090.49	-0.0968857
2091.95	0.286155
2093.41	0.383443
2094.86	0.295884
2096.32	0.124103
2097.77	0.454329
2099.23	0.180888
2100.68	0.542986
2102.14	0.353278
2103.59	0.0143938
2105.05	0.528392
2106.5	0.409436
2107.95	0.641954
2109.41	0.441211
2110.86	0.456755
2112.31	0.637545
2113.76	0.516562
2115.21	0.34409
2116.67	0.752793
2118.12	0.845468
2119.57	0.823206
2121.02	0.305339
2122.47	0.403552
2123.92	0.718836
2125.37	0.802654
2126.82	0.239612
2128.27	0.918966
2129.72	0.685068
2131.17	0.499654
2132.62	1.33984
2134.07	1.16983
2135.51	1.38113
2136.96	1.34594
2138.41	0.866632
2139.86	1.48018
2141.31	1.08741
2142.75	1.20837
2144.2	1.42941
2145.65	1.46877
2147.09	1.52439
2148.54	1.3806
2149.98	1.56709
2151.43	1.52056
2152.87	1.63859
2154.32	1.77223
2155.76	1.39171
2157.21	1.37575
2158.65	1.60902
2160.1	1.19767
2161.54	1.51718
2162.98	2.08766
2164.43	1.54911
2165.87	1.84089
2167.31	1.56817
2168.75	1.97554
2170.2	1.86573
2171.64	1.88651
2173.08	2.20447
2174.52	2.05498
2175.96	1.9048
2177.4	1.95439
2178.84	1.72218
2180.28	1.98986
2181.72	1.67664
2183.16	1.89617
2184.6	1.73356
2186.04	2.28632
2187.48	1.57475
2188.92	2.16104
2190.36	1.6323
2191.79	1.96877
2193.23	1.83831
2194.67	1.72299
2196.11	1.75547
2197.54	1.5527
2198.98	1.7805
2200.42	1.84059
2201.85	1.71772
2203.29	1.21414
2204.72	0.894775
2206.16	1.50498
2207.59	0.97216
2209.03	1.63193
2210.46	0.949558
2211.9	1.22626
2213.33	1.22074
2214.77	1.33067
2216.2	0.945869
2217.63	0.513231
2219.07	1.07175
2220.5	0.80653
2221.93	0.937194
2223.36	0.688119
2224.8	0.997695
2226.23	0.910115
2227.66	0.755096
2229.09	1.02599
2230.52	0.721212
2231.95	0.367692
2233.39	0.817302
2234.81	0.579947
2236.25	0.474954
2237.67	0.339112
2239.1	0.62961
2240.53	0.465247
2241.96	0.498568
2243.39	0.696316
2244.82	0.356237
2246.25	0.521159
2247.68	0.211494
2249.1	0.144369
2250.53	0.922212
2251.96	0.785385
2253.38	0.550265
2254.81	0.315825
2256.24	0.472853
2257.66	0.453607
2259.09	0.421106
2260.51	0.48901
2261.94	0.234901
2263.36	0.453204
2264.79	0.525908
2266.21	0.43574
2267.64	0.0355701
2269.06	0.1549
2270.49	0.533942
2271.91	0.489283
2273.33	0.0861034
2274.76	0.660202
2276.18	0.436394
2277.6	0.652703
2279.02	0.331225
2280.44	0.28673
2281.87	-0.23092
2283.29	0.0178633
2284.71	0.397347
2286.13	0.728271
2287.55	0.374005
2288.97	0.591634
2290.39	0.205288
2291.81	0.440094
2293.23	0.658883
2294.65	0.256122
2296.07	0.3276
2297.49	0.30083
2298.91	0.355991
2300.33	-0.326145
2301.74	0.450725
2303.16	0.0802689
2304.58	0.136363
2306	0.389524
2307.41	-0.0310764
2308.83	0.155601
2310.25	0.391152
2311.66	0.0671682
2313.08	0.0884562
2314.5	0.373496
2315.91	0.198443
2317.33	0.435904
2318.74	0.344426
2320.16	0.0877075
2321.57	0.176167
2322.98	0.163764
2324.4	0.132489
2325.81	0.181401
2327.23	0.591303
2328.64	0.324184
2330.05	0.535194
2331.46	0.154199
2332.88	0.136724
2334.29	0.0707932
2335.7	0.0216236
2337.11	-0.0772829
2338.52	-0.111319
2339.94	0.330064
2341.35	0.145904
2342.76	0.207597
2344.17	0.154352
2345.58	0.29811
2346.99	0.14716
2348.4	0.160131
2349.81	0.548965
2351.22	0.544119
2352.62	0.325906
2354.03	0.15603
2355.44	0.262875
2356.85	0.157439
2358.26	-0.0779343
2359.67	-0.101474
2361.07	-0.238481
2362.48	-0.00229359
2363.89	0.346665
2365.29	-0.0332499
2366.7	0.105
2368.11	-0.240816
2369.51	-0.213952
2370.92	-0.330922
2372.32	-0.10811
2373.73	0.324841
2375.13	-0.063077
2376.54	-0.24184
2377.94	0.125277
2379.35	0.0886307
2380.75	0.242978
2382.15	0.315345
2383.56	-0.286124
2384.96	0.169368
2386.36	0.0889044
2387.76	-0.0224085
2389.17	-0.0286541
2390.57	-0.224802
2391.97	0.217345
2393.37	0.118999
2394.77	0.323802
2396.17	-0.0272589
2397.58	0.4967
2398.98	0.147076
2400.38	0.22705
2401.78	0.148495
2403.18	0.292359
2404.58	-0.183445
2405.97	-0.278877
2407.37	0.148462
2408.77	-0.0280724
2410.17	0.159789
2411.57	-0.0167446
2412.97	-0.176483
2414.37	0.0451136
2415.76	0.0464878
2417.16	-0.0299253
2418.56	0.11627
2419.95	-0.0538225
2421.35	0.251123
2422.75	-0.347211
2424.14	-0.0428495
2425.54	-0.0711479
2426.93	0.0436792
2428.33	0.143572
2429.72	0.244507
2431.12	0.314542
2432.51	-0.043786
2433.91	0.0417433
2435.3	0.189774
2436.7	0.320456
2438.09	0.211228
2439.48	0.211862
2440.88	-0.121964
2442.27	0.353465
2443.66	0.383907
2445.05	-0.0141287
2446.44	0.333183
2447.84	-0.39759
2449.23	0.234545
2450.62	0.0905018
2452.01	-0.0370731
2453.4	-0.132143
2454.79	0.0268135
2456.18	0.281355
2457.57	-0.0490503
2458.96	0.363839
2460.35	-0.046298
2461.74	-0.251548
2463.13	-0.251998
2464.52	0.268344
2465.91	0.21939
2467.29	0.201941
2468.68	0.263341
2470.07	0.198313
2471.46	0.211699
2472.85	0.350403
2474.23	0.126038
2475.62	0.23166
2477.01	-0.181976
2478.39	-0.0139284
2479.78	0.0284653
2481.16	0.259129
2482.55	0.0193348
2483.93	-0.00136185
2485.32	0.180427
2486.7	-0.436117
2488.09	0.305294
2489.47	0.171298
2490.86	-0.118178
2492.24	-0.266526
2493.62	0.0989265
2495.01	0.263322
2496.39	0.149734
2497.77	-0.0557108
2499.15	0.265712
2500.54	-0.279827
2501.92	0.364771
2503.3	-0.104531
2504.68	-0.0185204
2506.06	0.0666628
2507.45	0.105208
2508.83	-0.271328
2510.21	0.090539
2511.59	0.0840855
2512.97	0.0784359
2514.35	-0.0948019
2515.73	0.0545216
2517.11	0.173855
2518.48	-0.0121508
2519.86	-0.274172
2521.24	-0.322339
2522.62	0.27
2524	0.037034
2525.38	0.245655
2526.75	0.118618
2528.13	0.357353
2529.51	0.0342379
2530.89	0.169049
2532.26	0.199135
2533.64	0.0939074
2535.02	-0.0105333
2536.39	0.371177
2537.77	0.19011
2539.14	0.0688715
2540.52	0.00757027
2541.89	0.234286
2543.27	0.066617
2544.64	0.0515709
2546.01	0.295622
2547.39	-0.399516
2548.76	0.271449
2550.14	0.12338
2551.51	0.17209
2552.88	0.265404
2554.25	0.0541258
2555.63	-0.233881
2557	-0.0672913
2558.37	0.220361
2559.74	-0.158902
2561.11	0.265824
2562.49	-0.0514936
2563.86	-0.216624
2565.23	0.421855
2566.6	0.484759
2567.97	0.244665
2569.34	-0.116687
2570.71	-0.0840034
2572.08	0.00935078
2573.45	0.0118475
2574.82	-0.212955
2576.18	0.42642
2577.55	0.398691
2578.92	0.0674648
2580.29	0.418209
2581.66	0.283301
2583.02	0.163178
2584.39	0.391495
2585.76	0.0133715
2587.13	-0.0917406
2588.49	0.0155325
2589.86	0.228999
2591.22	-0.0122843
2592.59	0.185425
2593.96	0.0944242
2595.32	0.244727
2596.69	0.242455
2598.05	0.0729284
2599.42	0.0846109
2600.78	-0.039628
2602.14	-0.178341
2603.51	0.0762329
2604.87	0.255735
2606.23	0.22415
2607.6	0.131965
2608.96	0.250012
2610.32	-0.0550642
2611.69	-0.150346
2613.05	-0.0662107
2614.41	0.227268
2615.77	-0.29049
2617.13	0.0924768
2618.49	0.175756
2619.86	-0.0994434
2621.22	-0.0145903
2622.58	-0.0787373
2623.94	-0.0977554
2625.3	-0.430168
2626.66	-0.0167456
2628.02	0.0977154
2629.37	0.018117
2630.73	-0.0615778
2632.09	0.18579
2633.45	0.00193405
2634.81	0.233932
2636.17	-0.216684
2637.53	0.133613
2638.88	0.202066
2640.24	-0.276853
2641.6	0.0139723
2642.96	0.304662
2644.31	0.0784159
2645.67	-0.324616
2647.02	-0.211478
2648.38	0.0186453
2649.74	0.409411
2651.09	-0.230434
2652.45	0.0853024
2653.8	0.1365
2655.16	0.452188
2656.51	-0.0956421
2657.86	0.383066
2659.22	0.145356
2660.57	0.507836
2661.93	0.0221872
2663.28	0.252172
2664.63	0.130708
2665.98	0.154477
2667.34	-0.317818
2668.69	0.288122
2670.04	0.282239
2671.39	0.204206
2672.75	0.301303
2674.09	0.166589
2675.45	0.0471258
2676.8	0.465178
2678.15	0.317961
2679.5	-0.0748024
2680.85	-0.0459347
2682.2	0.346593
2683.55	0.23292
2684.9	0.105714
2686.25	0.0514851
2687.6	0.389014
2688.94	-0.189095
2690.29	0.319822
2691.64	0.318701
2692.99	-0.177331
2694.34	0.254135
2695.68	-0.0687199
2697.03	0.435037
2698.38	0.128785
2699.73	0.229812
2701.07	0.390583
2702.42	0.234353
2703.76	0.00668812
2705.11	0.591222
2706.45	0.117574
2707.8	0.35425
2709.15	0.445538
2710.49	0.30413
2711.83	0.191391
2713.18	0.528891
2714.52	0.168819
2715.87	0.28828
2717.21	0.509478
2718.55	0.235902
2719.9	0.238285
2721.24	0.487602
2722.58	0.64914
2723.93	0.489961
2725.27	0.403082
2726.61	-0.0771875
2727.95	0.402833
2729.29	0.504139
2730.63	0.547059
2731.98	0.720861
2733.32	0.254643
2734.66	0.297795
2736	0.326606
2737.34	0.137403
2738.68	0.29724
2740.02	0.136882
2741.36	0.208721
2742.7	0.265332
2744.03	0.611843
2745.37	0.318216
2746.71	0.430963
2748.05	1.08047
2749.39	0.684785
2750.72	0.5362
2752.06	0.156034
2753.4	-0.0641956
2754.74	0.063611
2756.07	0.307345
2757.41	0.565581
2758.75	0.100139
2760.08	0.228701
2761.42	0.372188
2762.76	0.371453
2764.09	0.356599
2765.42	0.197068
2766.76	0.239646
2768.09	0.18002
2769.43	0.451661
2770.76	0.201244
2772.1	-0.165836
2773.43	0.375649
2774.76	-0.266594
2776.1	-0.259585
2777.43	0.251478
2778.76	-0.028657
2780.1	0.180757
2781.43	-0.356544
2782.76	-0.0463066
2784.09	0.134388
2785.42	-0.143834
2786.75	-0.135061
2788.09	0.475412
2789.42	-0.144416
2790.75	0.281272
2792.08	-0.221879
2793.41	0.162001
2794.74	0.174179
2796.07	0.228879
2797.4	0.140134
2798.73	-0.0205288
2800.06	0.0611153
2801.39	0.0710678
2802.71	0.45153
2804.04	0.332548
2805.37	0.142021
2806.7	0.178833
2808.03	-0.0126524
2809.35	0.0515175
2810.68	0.00197315
2812.01	0.0666151
2813.33	0.231605
2814.66	-0.36765
2815.99	0.466526
2817.31	0.181972
2818.64	0.181552
2819.96	-0.0172653
2821.29	0.279537
2822.61	0.433873
2823.94	0.148266
2825.26	0.0607061
2826.59	0.0298624
2827.91	0.466771
2829.23	0.210463
2830.56	0.535083
2831.88	0.661737
2833.21	0.406147
2834.53	0.85796
2835.85	0.743066
2837.17	1.06625
2838.5	0.921993
2839.82	1.27253
2841.14	1.26953
2842.46	1.22456
2843.78	1.53365
2845.1	2.08373
2846.42	2.28121
2847.74	2.73354
2849.06	2.67715
2850.38	2.63454
2851.71	2.52068
2853.03	2.54755
2854.34	3.37941
2855.66	2.96746
2856.98	2.86639
2858.3	3.17501
2859.62	2.93276
2860.94	3.3258
2862.26	3.46418
2863.57	3.65852
2864.89	3.90885
2866.21	4.21543
2867.53	4.47986
2868.84	5.22411
2870.16	5.46115
2871.48	5.93799
2872.79	5.38549
2874.11	5.9031
2875.42	5.68652
2876.74	6.18665
2878.05	6.06597
2879.37	6.2825
2880.68	6.17591
2882	5.70522
2883.31	6.03688
2884.63	5.68164
2885.94	5.31337
2887.26	5.78748
2888.57	6.2047
2889.88	5.79301
2891.19	5.82918
2892.51	5.58417
2893.82	6.51589
2895.13	6.313
2896.44	6.54527
2897.76	6.23309
2899.07	6.39813
2900.38	6.78805
2901.69	6.63302
2903	6.78604
2904.31	7.44278
2905.62	7.3026
2906.93	7.51287
2908.24	7.72427
2909.55	7.60115
2910.86	8.01057
2912.17	8.25223
2913.48	8.68892
2914.79	8.96971
2916.1	8.702
2917.41	9.50975
2918.71	9.83981
2920.02	9.16232
2921.33	10.0522
2922.64	10.3423
2923.94	10.2431
2925.25	10.9144
2926.56	10.9158
2927.86	11.2249
2929.17	11.1
2930.48	11.4356
2931.78	11.1553
2933.09	11.3639
2934.39	11.195
2935.7	11.2638
2937	10.9556
2938.31	11.1368
2939.61	11.1367
2940.92	10.3689
2942.22	10.0773
2943.53	9.8574
2944.83	9.59742
2946.13	9.01736
2947.43	8.42378
2948.74	9.06113
2950.04	8.35327
2951.34	8.90287
2952.64	8.27358
2953.95	8.04838
2955.25	7.92061
2956.55	7.59805
2957.85	7.81011
2959.15	7.57794
2960.45	7.29338
2961.75	7.33373
2963.05	7.68397
2964.35	7.13555
2965.65	6.87948
2966.95	6.36791
2968.25	6.23373
2969.55	6.42184
2970.85	6.23008
2972.15	6.0386
2973.45	5.62233
2974.75	5.20584
2976.05	5.36565
2977.34	5.43941
2978.64	4.82103
2979.94	5.03113
2981.24	5.33784
2982.53	4.82769
2983.83	4.44488
2985.13	4.58371
2986.42	4.28879
2987.72	3.71477
2989.01	3.54953
2990.31	3.38464
2991.61	3.1489
2992.9	3.23518
2994.19	2.95457
2995.49	2.95364
2996.78	3.0641
2998.08	2.55669
2999.37	2.14819
3000.67	2.48377
3001.96	1.76855
3003.25	2.17528
3004.55	1.68538
3005.84	1.51758
3007.13	1.32125
3008.42	1.37601
3009.72	1.30388
3011.01	1.10523
3012.3	1.57655
3013.59	1.44722
3014.88	0.774864
3016.17	0.577868
3017.46	1.1059
3018.76	0.604228
3020.05	0.631701
3021.34	0.853288
3022.63	0.670884
3023.92	0.487703
3025.21	0.650627
3026.49	0.674459
3027.78	0.408134
3029.07	0.737966
3030.36	0.253754
3031.65	0.434561
3032.94	0.395503
3034.23	0.826097
3035.51	0.57987
3036.8	0.608259
3038.09	0.414266
3039.38	0.686535
3040.66	0.557817
3041.95	0.716652
3043.23	0.628215
3044.52	0.623043
3045.81	0.647017
3047.09	0.727978
3048.38	0.374547
3049.66	0.637931
3050.95	0.725587
3052.23	0.718673
3053.52	0.957439
3054.8	1.16818
3056.09	1.09123
3057.37	1.24484
3058.65	1.45184
3059.94	1.41315
3061.22	0.93945
3062.5	0.943392
3063.79	1.07126
3065.07	0.833787
3066.35	0.965018
3067.63	0.757544
3068.92	0.985665
3070.2	0.438364
3071.48	1.155
3072.76	0.469487
3074.04	0.340346
3075.32	0.441295
3076.6	0.596091
3077.88	0.41182
3079.16	0.459521
3080.44	0.413874
3081.72	0.112218
3083	-0.174521
3084.28	0.163577
3085.56	0.352648
3086.84	-0.0694442
3088.12	0.00994015
3089.4	-0.101371
3090.67	0.248267
3091.95	0.000702858
3093.23	-0.205883
3094.51	0.103277
3095.78	0.00589323
3097.06	0.139141
3098.34	-0.418906
3099.61	0.0394692
3100.89	0.131804
3102.17	-0.0466704
3103.44	0.140814
3104.72	0.00391579
3105.99	0.152055
3107.27	0.219959
3108.54	0.180719
3109.82	0.0884824
3111.09	0.349304
3112.37	0.448636
3113.64	0.250447
3114.92	-0.0563016
3116.19	0.436396
3117.46	-0.0480714
3118.74	0.320837
3120.01	0.200363
3121.28	0.553524
3122.55	0.228218
3123.83	-0.178264
3125.1	0.146984
3126.37	0.310056
3127.64	0.175994
3128.91	0.286071
3130.19	0.247789
3131.46	0.304313
3132.73	0.144543
3134	0.443814
3135.27	0.0673342
3136.54	0.230412
3137.81	0.204075
3139.08	0.473819
3140.35	0.0700002
3141.62	0.393172
3142.89	0.24588
3144.16	0.367898
3145.42	0.329421
3146.69	0.62692
3147.96	0.549667
3149.23	0.499959
